.513167	-1.404539	2.037788	1.151108	1.479806	2.673126	-.654952	1.423753	1.357738	1
4.318062	5.038379	5.500038	4.586753	5.708833	4.143245	3.268212	.225252	1.891528	1
1.72289	1.346464	1.615399	1.945507	1.149293	.252271	-.561214	2.286631	2.092867	1
-1.091624	-1.543832	-.531034	-1.608066	.137804	-.843807	-.540038	-2.069571	1.588623	1
2.701396	2.414807	4.654154	.354537	1.521774	2.466255	2.584034	-.548582	1.012846	1
.579641	.545307	2.076103	-.037554	1.266385	1.194331	-1.12028	1.595625	.951901	1
1.492119	.926622	1.10672	2.169609	1.592802	1.208075	.002	.67734	1.110364	1
2.776927	6.322969	5.884375	2.347992	3.015317	3.849764	.344203	3.242721	3.171433	1
1.339908	1.977192	.932599	1.231819	.725235	1.298707	1.99562	-1.253378	1.534174	1
-.638303	-.424809	-.326775	2.279801	.497142	-.503174	.009015	-1.301902	1.450423	1
2.177544	.706987	1.310199	.320988	.679204	2.450116	.296205	1.35534	1.38146	1
3.908094	2.782114	4.247769	3.709376	1.630877	2.647064	.161588	1.677776	2.013376	1
1.619526	1.099308	2.340142	2.297332	2.189323	3.570078	1.643228	1.122866	1.390393	1
2.340752	4.375416	4.93784	3.155729	3.772491	4.08303	.925692	2.225424	4.380923	1
-.333838	-.370328	.772857	1.467275	2.286293	.84791	-1.759819	1.056912	1.637708	1
3.217329	3.040619	1.766289	2.7953	1.447218	2.054377	-.013207	2.251138	2.518322	1
2.92913	2.850891	4.203442	3.152471	3.136071	3.765413	2.835268	1.062346	1.327654	1
1.232195	2.903281	1.883584	.809178	.958612	1.959663	-1.671356	3.877393	2.152641	1
.7935	2.139534	1.490466	2.908213	2.457426	3.173997	1.523282	2.259525	.71843	1
.263197	2.543351	2.329262	1.240697	2.615727	1.12243	1.409857	.731698	3.121324	1
3.388396	4.155977	3.791283	5.49437	3.75823	4.003201	3.026715	1.680185	2.304618	1
4.788271	4.026695	4.035223	3.537652	1.881335	1.192307	1.098873	2.995144	2.069853	1
.984368	.14277	-1.044164	1.447325	1.546178	.477707	-2.582469	4.455647	.463238	1
3.022566	2.88183	1.704037	.650095	1.296491	1.632905	-3.04331	4.069409	2.195401	1
1.278422	1.476967	1.995745	2.804806	3.74999	2.59325	1.836139	2.13843	1.31745	1
3.658102	3.236	2.509888	2.776933	3.569072	3.919972	-.76249	3.464344	3.616012	1
1.982263	2.49953	2.811325	2.029519	2.264839	3.182894	-.3809	3.44937	2.183248	1
1.967182	2.371889	2.842901	2.027965	2.514594	1.664731	.452361	.52034	1.694232	1
3.765533	5.108333	4.270935	3.432806	3.43934	3.953451	.464376	1.060078	3.198587	1
1.249028	1.35394	3.962509	.546603	.164409	-.016668	-.209359	-.829379	3.43615	1
3.865218	5.276468	4.847446	2.610766	3.393505	2.216014	.532139	2.432641	2.433978	1
2.050451	1.174923	.168271	1.480503	-.107819	-.266201	-1.0722	.708683	.879428	1
.626084	.176798	.05717	-2.179421	-1.762707	-.201191	.312617	-.041374	.726755	1
2.297814	2.980325	1.966446	.157267	1.483138	.644753	-1.556717	.311454	2.437849	1
3.523414	4.583312	4.370501	4.940506	5.724415	5.773519	2.581346	2.18626	3.300946	1
.390049	2.071734	-.376261	2.762165	2.580051	1.259234	-.810346	-.566097	2.590929	1
3.978758	2.965967	3.559174	1.396068	.189632	.898692	.844815	-.061695	1.723985	1
2.956204	3.482487	3.518087	.848147	1.058935	.821425	.147418	-.073017	2.479935	1
5.903265	4.236129	6.341853	3.491952	3.224072	3.758116	2.74879	1.388374	3.094658	1
4.457411	4.65335	3.933397	3.68501	4.741908	2.357716	-.145983	1.58917	3.798305	1
.257385	1.105583	-.681719	.079297	.4339	-1.434065	-2.461661	1.03601	.376497	1
1.08867	2.516825	1.757043	1.321705	1.985743	2.337144	1.833218	.787582	1.948096	1
1.329203	.606103	.023307	-2.29882	-.772602	-2.737825	-3.318322	-1.787214	3.253502	1
1.304999	.805805	1.207225	-.360089	-.325877	1.393369	-.009511	.639261	2.901291	1
.84293	.640191	1.923517	.130223	.456702	-.900662	.342751	-1.936582	2.548942	1
-.16075	-.143495	-.127247	-.268217	-1.323338	-.790769	-1.843377	-.088578	.343421	1
2.728861	2.323611	3.157881	.639475	.699573	.458752	.930917	1.356608	2.332261	1
2.294252	3.97969	2.98771	1.253534	1.49757	2.553438	1.37729	.704322	2.040761	1
.964685	.302201	-.843987	-1.061496	-1.631278	-1.758922	-1.404719	-.882284	1.597681	1
3.816356	4.681205	4.192781	1.851443	1.496807	1.01045	1.345524	.738803	1.349586	1
5.781419	7.166569	5.539332	5.280533	3.287748	3.172965	-.545866	2.16544	3.593157	1
-1.813117	-.508025	-2.223028	-1.547433	-1.127537	-.506877	-3.118488	-1.541679	2.947152	1
-.052353	-.267024	.655096	1.829409	1.596511	.266885	-.685931	1.205346	.799576	1
2.582938	1.370307	2.803963	.634661	1.280666	.904287	.587376	.303175	.614265	1
1.953555	2.183459	2.725673	2.193305	.841898	3.534451	1.463079	2.390414	-.596535	1
2.604671	3.222148	3.321593	2.152365	4.059962	2.727943	-.76035	2.472511	3.405223	1
1.491893	1.193619	.376761	-1.266212	-.906572	-1.543163	-2.54435	-.761702	1.801138	1
4.345245	2.625197	2.797443	5.470126	3.977598	3.93356	2.444051	1.67659	1.297001	1
2.037736	1.466001	1.116211	.588575	1.454066	.842586	-.846294	2.260876	2.060854	1
2.964886	2.677365	1.764924	1.117564	1.893249	.44699	-.655051	1.390068	1.614872	1
2.291923	2.924407	3.00102	3.111687	2.505621	3.895928	-1.510818	3.155809	1.519736	1
-1.290641	.15695	-.789547	-1.541124	-2.068113	-2.455341	-1.021306	-.914951	1.963306	1
3.186128	3.609605	1.95025	3.722008	3.217896	3.805221	.232564	1.890526	2.252071	1
2.304965	2.042862	.768764	1.925507	1.665513	.709572	.044806	2.269455	1.747363	1
2.723629	1.921756	2.586074	2.710781	1.972123	2.081971	.039308	-.008547	1.498023	1
3.139626	3.448652	2.570842	2.155407	1.673263	2.187889	-.257262	.871973	3.246622	1
1.109019	-2.360168	.733334	-.138382	.011332	.649804	-.082862	-1.486806	1.829719	1
3.543953	3.343282	3.315587	4.82719	3.349333	5.048108	1.530741	2.864057	3.149143	1
-.580179	.575468	-.169375	1.47328	-.065305	-.365065	-.795408	-1.081356	1.705541	1
-.737929	.114022	-.45883	-.804556	-1.198435	-1.110024	-.67435	.209141	1.283794	1
2.121668	1.447443	2.167408	.596636	.039283	-.348771	-1.237129	.925361	.923363	1
-.074818	-.058331	1.301541	1.623939	2.217723	.661315	.423787	1.224942	1.691935	1
3.154921	1.682858	1.59295	2.852285	2.681502	2.376833	.40872	1.082224	1.644072	1
.840339	.678037	.584893	.4637	.761684	.217612	.131873	1.154673	.343908	1
.804369	1.679388	1.83827	1.098877	1.838177	1.644865	-.237243	-.518191	2.156153	1
2.611484	1.288528	3.157878	4.737624	2.690221	2.140904	-1.421185	2.731128	1.550854	1
3.305599	4.02759	3.414709	4.024999	4.488098	4.087969	.121848	3.56575	2.441517	1
2.489245	1.94918	2.879653	1.165092	2.109129	2.490664	1.285566	-.126415	.963875	1
2.070793	.470622	1.886386	1.76595	1.93678	1.298169	.90061	.998277	2.395544	1
1.021754	1.518586	.529808	.227433	.113818	1.054251	-2.580271	1.228173	2.752875	1
-.580289	-.064106	1.041477	-.873333	.111022	.756878	-1.507111	1.543601	2.675131	1
3.047817	3.629689	3.458208	4.093257	3.108816	3.291135	-.793017	2.402294	2.827536	1
-.35335	-.79604	-.501942	-.523626	-1.192402	-1.019794	-1.985135	.271191	1.370347	1
3.969075	4.307647	4.262423	.641575	1.302878	.805272	1.185964	.984928	3.5722	1
.032137	.359097	-.073145	-2.000956	-1.641287	-1.480219	-2.063064	-2.032849	2.646059	1
-.552701	.489261	1.391232	2.313052	1.002203	.292892	.608692	.023051	.60597	1
.725573	.474587	1.231523	.666639	1.568919	.855491	-.706066	.194336	1.564222	1
2.838041	.99357	2.038801	-.375245	-.033213	.502893	.282032	-1.67392	3.507907	1
3.935999	1.952356	2.339808	.131228	1.072637	-.310772	-.024325	.857038	2.287655	1
-.538692	.216929	-.156111	-.530065	-1.013725	-.265799	-1.752957	.042144	1.836702	1
.806332	.874045	1.684796	1.755092	2.492394	1.243337	.113319	-.764134	2.602292	1
1.682509	.864754	2.392771	1.392116	.945569	3.542407	-1.017067	.93611	1.834633	1
2.791706	3.063401	4.153595	1.080631	3.541987	2.532931	1.442282	.521621	2.619654	1
4.869758	4.942296	5.384713	4.870163	2.843452	3.141511	3.626307	1.343495	1.850325	1
-.645563	.0122	.559835	.76043	1.36418	.15838	-2.26362	2.177884	1.643202	1
5.386866	3.215956	5.810259	5.088026	3.430966	3.432397	2.280109	2.059947	2.4505	1
1.423402	1.278035	.385211	-.205457	-.269986	-.174363	-1.338508	-1.612466	2.294462	1
-1.334832	-.312943	-.646215	-.858186	-1.018374	-1.545323	-2.321884	-.951216	1.59389	1
3.792184	4.010843	3.992795	1.673676	3.441636	3.947763	-.718088	2.088058	2.383651	1
1.160036	1.40409	.443191	1.580222	3.400741	1.848541	-1.210618	1.762886	3.464496	1
2.129537	2.262193	2.445506	1.922511	2.16656	1.406806	2.601817	-.84626	2.115583	1
3.805849	3.958167	5.371398	2.824323	2.763316	3.074652	1.454649	1.532812	2.766313	1
.515632	1.611059	1.021637	-.11382	1.229607	.60424	-1.090083	-1.000311	3.644588	1
2.625143	3.863088	3.568878	1.806926	2.699206	1.933569	-.216214	1.694548	3.223894	1
3.133574	3.28847	3.798855	4.330469	3.785423	2.120093	3.04601	1.953625	1.700973	1
2.756268	2.824696	2.661302	3.074861	4.28968	1.89421	-.393414	2.034622	2.572567	1
2.254909	1.519322	2.444341	-.431038	-.053	-.246257	-1.486454	.177214	1.922168	1
2.864672	.376437	1.736349	2.442316	1.428679	1.585218	-1.660805	1.212393	2.958183	1
1.188499	2.384132	2.507979	2.898924	3.523396	2.480183	1.807711	1.545623	1.908511	1
2.914782	2.615401	2.348607	1.595816	2.279881	.157047	-.504271	2.31238	1.456172	1
-.264405	-1.533398	-1.367902	-.054433	-1.832075	-.996265	-.308274	.52353	1.287564	1
-.390837	-.646797	-.550244	-.430566	.614611	1.393281	-2.122031	.784294	.356684	1
1.959441	1.259513	2.770785	2.48496	2.398763	2.081598	.668728	.185891	2.951462	1
.100467	1.629143	.444976	1.895338	1.043274	1.571548	-2.177646	.914544	.980785	1
4.25348	5.387322	4.723558	4.555842	5.131872	4.879774	2.701534	.397138	3.278349	1
1.428875	1.17073	-.219768	1.158587	1.028221	-.107973	-.707592	1.488068	2.373548	1
1.139947	1.180511	.992275	-1.59911	-.367476	.040499	-2.230661	1.924397	3.6137	1
4.500424	3.348784	3.761122	3.715691	1.906153	1.292634	-.537607	2.532395	2.824792	1
.405575	.33724	.550067	1.688749	2.843862	3.05371	1.409525	.45279	.044645	1
5.073706	5.400977	4.475919	3.255903	4.197431	4.185254	.803847	3.231942	3.293007	1
3.727972	4.517379	4.37045	4.814498	5.347517	3.235958	.603091	.869493	3.015207	1
-1.82644	-1.49838	-1.175026	-.010691	-2.566608	-1.735338	-.799937	-2.004048	-.009616	1
2.402805	2.554871	2.041522	1.4258	1.556259	.490267	-1.470012	.251951	3.488078	1
1.471028	1.128837	.808637	1.532755	1.994331	1.568986	-.732192	.935829	2.245603	1
2.233611	2.776744	2.529197	.685002	.429522	.218825	-.513487	1.469287	1.261033	1
.440716	.933365	.045385	.108454	.119858	-.095397	.658352	1.43232	.380113	1
1.717586	2.334324	3.760534	4.599465	3.278663	3.892717	-.681712	2.158655	2.078593	1
5.226641	4.73741	4.938167	4.487906	4.351868	4.704637	-.327462	2.843668	3.068367	1
1.579792	2.243261	1.987449	1.704385	1.715063	2.278061	-.76037	3.384431	2.15394	1
3.457648	2.347703	1.974085	3.045521	2.996419	3.84926	-1.47153	2.116547	3.80118	1
3.252982	3.013747	2.812219	5.181602	3.606836	3.61159	3.136115	1.080186	1.499574	1
3.174526	3.618234	3.440615	-.001296	.420312	.558006	.722154	.351068	.167363	1
3.916947	3.693332	2.861714	3.999276	4.310858	4.460697	1.298297	1.880676	.715662	1
2.386999	3.119183	3.249794	1.286536	-.891663	-.353094	-5.094461	3.74054	3.161007	1
2.823555	4.57077	4.823043	1.915231	2.124978	3.323586	2.231665	2.522533	2.114136	1
-1.278429	-1.037851	-1.430129	-.311361	-.716913	-2.025562	-3.629313	-.205984	2.615435	1
3.008471	1.667441	1.931754	.728505	.025932	.670687	-1.137083	1.990867	3.363474	1
-2.21596	-.352461	-.759133	1.204743	.412739	-.352001	-2.769855	-.90205	2.389126	1
2.723351	2.010878	2.634738	.329852	1.211871	1.727167	-2.73438	1.69034	2.179086	1
2.242133	2.862509	2.966041	.602314	-1.15251	.359087	-.347486	-1.212813	3.018841	1
1.536204	1.884145	1.359693	.686042	1.960145	1.126402	.442493	1.323847	.34433	1
.697033	1.900863	1.858382	-1.378519	1.016663	1.43742	-.025323	.948396	1.758983	1
1.146509	.386412	1.805287	-1.022749	-.146101	1.522468	-1.035037	-.090688	1.697435	1
-.715932	-.555525	.194882	-1.216321	-.014322	.065967	-4.560716	1.549389	1.886399	1
3.272364	4.707879	5.336206	4.071169	3.63386	5.071274	2.594286	1.98437	2.674389	1
4.113382	3.263283	2.165781	3.303947	1.909893	2.406719	.848323	1.200653	1.11929	1
-.227028	1.011373	-.330061	-.152557	-.099138	-.622555	-.620589	-2.232632	2.896576	1
-1.106182	-.77318	-.447472	-.148824	.050013	-1.588273	-1.207949	1.714185	1.765135	1
3.557725	3.95859	3.331809	3.183091	3.552824	2.596508	.088081	1.971811	2.756247	1
.068421	-.22301	-1.906709	-.329321	-.227304	-.208902	.014636	.156819	1.030312	1
4.112812	6.187987	5.305464	3.33283	3.600401	3.243405	1.546486	1.604961	2.115487	1
4.215992	2.771338	3.009119	2.812383	3.463033	3.862969	.083966	3.354746	2.339204	1
.651843	1.048022	.692646	-.176534	-.087184	.903231	-2.089521	2.203273	2.04836	1
2.246376	4.049954	3.988298	2.594105	3.035154	2.086606	2.000579	.928772	2.071383	1
1.039243	1.379495	.939099	1.302428	2.042893	.958226	.190389	1.811175	1.468994	1
2.91266	2.992127	2.826687	1.819931	1.227923	2.053409	.710085	1.148375	1.218514	1
-.020717	.544169	.737719	-1.297556	-1.0348	.284093	-.55064	.396452	.090724	1
-.533768	1.194657	.533605	-.553857	-.758732	-1.388403	-.772822	-.817488	.246828	1
3.891657	4.330261	3.25954	1.543279	-.016411	1.625585	-1.941137	2.657298	3.235469	1
1.204945	1.282088	1.360685	-.462791	-.563686	.149902	-1.827482	.826927	3.037194	1
2.311645	1.925746	3.236799	3.852186	.964881	2.132981	-.36108	.185054	1.881623	1
-.178595	1.515889	2.008492	.705139	1.814217	.768549	-.488743	.212112	1.163789	1
.855886	1.220843	.528253	.299514	-.654245	-1.14976	-1.732895	-2.073701	2.886034	1
1.537271	3.438415	3.904693	.79903	1.924777	1.784157	-3.411499	1.034183	2.853207	1
1.918061	3.501337	1.840753	1.93252	1.607193	1.775403	1.195986	.689693	1.670422	1
2.167894	2.431325	1.635859	3.420076	2.140432	2.13415	-.291911	.178975	3.303113	1
1.745664	3.946597	2.638892	2.946955	2.21142	2.420929	1.379725	-.089238	2.736516	1
4.016464	4.346076	2.737775	2.639653	1.204014	3.259086	-.983367	3.292561	2.405464	1
2.77661	2.847367	3.796856	3.926996	2.751251	3.315401	.826239	2.266441	2.741356	1
3.535041	4.068999	3.501308	.67187	1.939106	2.961218	.131202	3.112465	3.765881	1
4.264017	3.877551	4.071076	3.761769	3.693702	4.537176	2.324685	2.894314	3.314644	1
1.696523	1.88616	1.517106	2.825437	1.6072	2.802452	1.200209	1.782357	1.008065	1
2.871067	1.188649	1.156479	-.419993	-.009931	-.329504	-3.995384	1.0134	3.247069	1
3.176402	4.709791	2.298449	2.258597	2.756779	3.779709	-1.170407	1.571518	2.160639	1
1.408299	.430175	1.280538	-.532145	-.484396	-.239853	.094764	-.852871	2.720109	1
4.251182	4.40467	4.90727	3.584719	2.995357	2.757855	1.727929	.955055	2.651527	1
1.77789	2.335884	2.333278	1.969579	1.761729	2.080873	1.483792	-.760451	1.387629	1
2.828435	2.769942	2.453953	4.714032	3.387229	2.665185	4.720991	.542743	1.259562	1
.710304	-.395304	.071007	-.944354	-1.84342	-2.191913	-.483721	-1.144116	.710199	1
3.970605	3.643677	3.814902	5.07827	4.607304	4.63641	1.987881	2.5962	.984161	1
2.317919	2.319061	1.503167	3.819518	2.96013	3.433301	.790842	-.145892	2.374524	1
-2.028683	-1.729542	-1.880232	-3.51002	-2.420233	-2.075044	-4.717533	-1.246097	.712624	1
5.074435	3.679837	6.365368	2.4701	3.519344	2.089826	1.284636	1.787224	2.646197	1
-.565393	1.650597	1.584964	1.102621	1.254763	1.281671	-.914847	-.064593	1.992892	1
3.171468	1.926617	4.671804	.249906	.090955	.101028	-4.234206	.893536	4.140185	1
3.479047	3.387191	3.000994	1.897457	.328847	.225195	-1.135158	3.358759	2.736497	1
1.936926	2.172164	2.772838	3.273862	2.683894	3.329619	.760088	.985154	1.533166	1
4.593109	6.053709	3.658844	3.850467	4.525168	3.850568	3.033958	2.337087	1.743708	1
4.047158	1.150712	2.457001	2.135725	1.920804	.951455	-1.04353	.750528	3.505479	1
2.70051	1.46859	2.445261	3.180756	2.483353	2.203984	.498621	2.795553	2.65381	1
1.677726	.831809	1.585906	1.648838	1.456169	1.082331	-.500566	.671176	2.299827	1
3.900435	3.241042	4.571618	3.219755	3.538326	2.938829	.593624	1.518992	3.305085	1
-.387087	.849369	-.807727	-1.744592	-1.627488	-.735461	-1.822389	-.27728	3.220699	1
2.056564	1.879876	1.353534	.961303	.307859	.031542	-.322681	.670831	2.18026	1
1.083819	1.604393	3.060469	1.363906	2.930404	2.593575	.320343	2.829528	1.78537	1
.575875	-.373518	.459897	2.406266	2.66383	.75649	.497116	-.352715	2.217574	1
5.85272	5.460711	5.997877	4.442989	4.885681	5.855109	1.785375	3.539493	2.850105	1
.016459	-.069313	.427065	.899666	1.725282	1.433255	-.860178	.569835	.646172	1
3.913586	4.699712	4.218358	4.022919	3.746867	4.242643	.000814	2.174848	4.230076	1
1.720576	3.785847	2.074422	2.960723	1.705323	1.000096	-1.186698	.930453	1.834833	1
2.266596	2.883952	2.447708	2.380802	2.184567	2.326223	-.088915	2.025477	2.191875	1
.135477	2.945354	.883453	-.62378	.525078	.173019	-.081136	-.346754	2.558656	1
1.498155	2.355078	2.076194	.210632	.051289	-1.494215	.18299	-1.053404	.837977	1
2.359746	1.974177	1.701083	.191454	1.797679	.276752	-.210917	2.072384	1.069229	1
4.013493	2.689358	3.94116	3.69561	3.515882	3.100894	1.133513	2.595445	1.360472	1
3.787677	3.051022	1.805759	2.509723	1.810454	1.001974	-.7508	1.68114	1.982275	1
-2.456267	-.755636	-.645614	.430444	-.432845	-.316676	-1.805204	-.879921	2.222398	1
1.610641	2.490747	2.048464	4.195801	2.594092	3.045573	1.823629	.174051	.876217	1
-2.826934	-2.68431	-2.202965	-2.873453	-2.797598	-3.490662	-.75168	-4.642335	2.314535	1
.566329	1.190137	.50645	2.312189	1.529016	1.865422	.628777	.780796	1.404035	1
3.22723	2.204496	3.781216	3.306501	2.860397	3.719059	-.258703	1.541356	2.933878	1
2.699163	1.335129	3.37528	-.013417	.574801	2.968606	-1.947686	.568444	2.569363	1
6.00998	4.905435	3.920207	3.690655	4.147808	5.382277	1.976558	3.135475	3.648857	1
1.94291	.849583	1.396815	.841769	-.461511	1.182115	.540934	2.063133	1.697948	1
2.612485	3.660086	2.641202	4.449886	3.611522	3.597364	1.130554	3.689622	1.111756	1
.064132	-.417981	.682867	.074295	.631673	-.340394	-.520507	.519926	.919838	1
3.836198	1.998585	3.529716	3.016888	2.71325	3.207498	-1.973266	2.408304	4.306937	1
6.068514	7.14148	6.815972	5.821088	4.664114	6.25657	.95785	2.137668	4.445044	1
2.414103	2.201679	3.315569	3.964732	2.349566	1.884595	1.683742	-.622592	2.209087	1
.330032	.855574	2.350247	1.171323	2.230203	1.204892	-.864323	2.012107	1.694317	1
.500061	.223963	.386634	.296777	-.073632	-.29831	-1.910125	1.781094	1.149892	1
2.311419	1.131793	.640256	.892293	.738679	1.31071	.640699	-.70198	1.129968	1
2.26357	2.078211	2.050727	3.013963	3.332929	3.950033	3.517462	.059072	1.907298	1
4.70863	4.905064	4.906047	3.268495	3.224186	2.317996	1.026841	1.465284	3.658094	1
.187763	-.745874	.692356	-.385227	.687327	-.161192	-.14118	-1.105622	2.101383	1
5.029381	5.551185	5.482748	3.14326	3.125261	2.489649	1.507772	.685577	3.244234	1
5.818943	4.097698	3.4685	1.737443	1.945738	3.29094	1.30883	.775851	3.489461	1
.000253	-.07456	-1.048863	.073224	-1.074259	-.931081	-1.598326	1.124155	.25538	1
3.032391	4.83174	3.471474	4.20942	3.225799	2.173972	2.944031	.238156	1.549545	1
1.688452	1.278843	1.924116	2.698768	3.747273	3.041126	.498695	.953087	2.71242	1
-.734834	1.323642	1.601256	.247527	.188182	.180053	-1.761786	1.93069	2.387626	1
4.638232	5.933303	4.876042	5.971887	4.809953	4.015151	2.342647	2.914234	3.02317	1
.108109	1.411925	-.137867	1.349182	-.178265	.377295	-1.489374	.101919	1.295316	1
3.733697	3.086211	2.560451	2.751315	2.361779	2.831253	4.014668	.873752	1.988108	1
3.10409	2.653925	3.23765	4.85922	5.110437	5.869355	1.725944	2.138067	2.150483	1
1.499125	.334886	1.862182	-.815647	-1.614918	-2.223047	-2.157861	.659181	.808314	1
.87179	2.166479	-.018875	-.357542	-.525389	-.38445	-1.208058	.31627	1.643649	1
2.17811	2.806614	1.973261	2.69328	3.196656	4.652456	-.306457	4.880359	.756253	1
4.560806	5.703017	5.294597	5.471835	3.700307	3.719959	2.579509	.269263	4.179006	1
2.697176	3.527635	2.77111	-.71207	-.544044	1.119844	-1.172523	.037136	3.747627	1
-1.075402	-.085283	.313871	.865806	.631985	2.048592	.090887	-.345395	2.393945	1
-1.488418	.366928	-.439082	.046132	-.630596	1.832393	-1.718966	.562454	.5073	1
1.740077	2.336252	.927011	3.683873	2.762353	2.123736	1.518453	.313334	1.386591	1
1.545183	1.465189	1.142057	1.221724	1.616325	.657761	-1.198185	.049244	1.302122	1
2.042641	2.393074	3.404532	2.988797	3.702475	2.891408	1.932759	2.638213	.256089	1
.649155	-1.477123	.16195	.297988	.385741	.760618	-1.024617	1.103625	1.7213	1
3.855962	4.697831	2.699126	1.910554	3.77403	2.014077	2.661781	1.938089	1.594933	1
1.910238	3.138694	3.425769	4.023852	3.344291	3.614534	.580119	3.411865	1.555542	1
.305826	2.818923	2.381198	1.376916	2.173865	1.753221	-.251071	1.087239	1.201453	1
-1.428444	-1.565311	-.835622	-.63005	-.421844	-1.600303	.287152	-2.186767	1.187125	1
3.37317	1.480321	2.626345	-1.211397	-.831398	-.773929	-4.027514	2.85378	1.710034	1
1.706334	2.243833	2.876532	.273633	.141116	.616983	-.258925	1.851376	3.262019	1
2.094562	1.845229	1.319993	1.881302	.838179	2.324178	2.353403	-1.211816	.608754	1
-.195005	.058086	.018894	-1.225211	-.594806	-2.330625	-2.550541	1.101149	.375153	1
4.438901	2.665944	2.365161	3.065839	2.663061	2.982469	.923983	1.925103	2.707643	1
1.359515	2.527115	1.07663	2.770243	2.766296	3.212283	2.787339	1.318613	1.152036	1
2.264084	2.070884	2.515973	.502394	1.380233	.747513	-.937608	1.022035	2.827449	1
2.099758	.654529	2.262769	3.64699	1.790835	1.109979	.591535	.157219	2.586568	1
3.114607	2.402185	3.474434	2.606349	1.591793	2.602382	3.680749	.808767	.447603	1
5.111749	5.889251	5.555164	3.5316	3.303155	3.836805	-.732554	4.14084	2.268697	1
1.05502	1.540011	1.081112	2.618173	2.006846	1.12078	.571308	.34298	1.95508	1
1.867909	3.892091	3.519193	2.068191	.809255	2.08346	-.988362	1.220695	4.83987	1
2.721766	2.511997	2.48544	2.753705	2.713028	3.366395	-.285109	2.358672	2.587534	1
-.982063	.471396	-.647684	-.331201	.465674	.50837	-.190259	.477311	1.418871	1
4.037095	3.409344	2.45334	3.562915	4.188142	3.084512	1.54562	3.203802	2.151556	1
2.471833	4.612547	2.127543	1.887105	1.961275	1.811085	2.008246	.037062	3.415177	1
-1.456469	-2.215891	-2.110732	-2.451221	-.583983	-.961352	-2.597138	-.632779	-.057391	1
.078844	1.455193	.786606	.157337	-.451724	.266698	-2.633857	1.631562	1.29164	1
1.579092	1.497964	1.754788	1.24168	1.414105	1.194015	-.576686	.180141	2.96389	1
-.413964	-.4243	2.38371	1.184961	-.530425	-.314664	.461164	-1.697999	2.160015	1
1.409444	.939948	1.1924	.636628	1.599832	.002859	-1.807787	1.469816	2.200974	1
3.004453	3.015542	3.067631	3.72165	2.430756	4.929518	-.853155	2.412707	2.65834	1
2.274199	1.175674	1.830968	.094298	.497041	1.208235	.105358	-.639172	1.294848	1
1.105472	.818776	.756116	.82778	1.867711	1.261215	3.355583	-2.783324	2.030866	1
1.35532	1.603466	1.858365	1.371395	.41428	.095158	-.411008	2.092286	.810316	1
.183924	1.632448	1.921069	-.643284	-.654121	.828516	-1.703894	1.082021	2.148649	1
-.488681	.034314	-.771689	.096334	-.821018	.011921	.720743	-.206529	.518215	1
.919808	.946855	2.153457	-.650574	-1.787761	-.174164	-2.071334	3.149364	2.679503	1
2.553815	2.583229	1.948749	2.024662	2.107391	1.744151	.798233	1.322973	2.118134	1
.184759	-.611057	.284406	-1.110368	-1.413587	-.202125	-.025301	-.510709	2.127764	1
2.179768	2.214242	1.420461	-.805507	.052407	-.352776	-1.285932	-.047904	3.796848	1
2.436354	3.083261	2.269124	3.755419	3.215441	3.191365	1.30277	3.701727	.181026	1
5.668612	3.915858	4.130443	3.420151	3.097426	3.732799	-.18507	2.906466	3.74163	1
2.039212	1.612814	.68307	1.976092	.661098	2.241604	-.740178	-.16169	2.435271	1
3.380876	3.514982	3.257189	2.722197	3.457647	2.536094	-1.364898	2.160377	3.410301	1
-.209501	.65039	1.049948	1.989364	.807597	1.923409	-1.313486	.489063	1.383098	1
-1.35735	.834972	.52206	-1.343127	-.602903	.497563	.553032	.266577	.978639	1
4.121857	3.019903	4.812153	3.14005	3.837446	5.319091	-.20107	2.871102	2.54482	1
2.061708	1.465188	3.334508	4.564413	2.232295	4.445667	2.182528	.170452	2.448484	1
4.411526	4.444137	4.983905	5.773236	4.297786	4.556651	1.679727	.823243	2.945195	1
1.514382	1.800229	1.54644	.408278	2.641038	1.585066	1.368277	1.224126	1.240566	1
-.984431	-1.084413	-1.641838	-.879895	-.239794	1.182074	-.470933	-1.913268	1.215834	1
4.18865	2.725112	3.512473	4.540723	3.975355	4.479079	1.51016	1.04331	3.908113	1
2.657764	1.848411	2.335307	.724857	.567821	.061629	-1.683937	.351145	4.446973	1
4.710582	4.438897	5.339909	5.675443	5.626166	5.677664	2.810476	1.862814	4.392692	1
.753437	-1.512649	-.263598	-.261803	-.561166	.130554	-.871674	.006737	2.10146	1
3.026293	1.447105	1.521332	.323898	.763831	1.844992	.07115	1.953715	1.017775	1
.801489	-.098416	-.816799	.385191	.267841	-.700706	-2.265207	-1.082013	3.370848	1
4.089048	4.942643	3.981318	2.056372	3.457556	2.698156	1.557378	2.346125	2.315916	1
1.389386	2.673755	1.699157	2.148272	4.122246	4.335627	-.468887	2.603562	1.926622	1
4.051391	3.625328	3.210502	.924402	1.589661	2.920627	.030242	1.111955	2.583295	1
1.558399	.727345	1.227686	-.653205	.419766	-.094743	-1.529414	-1.255122	4.486271	1
1.517489	2.391205	2.126149	2.337794	1.156353	1.958439	-.214736	1.013977	4.082142	1
3.580249	2.757794	1.798381	1.61851	3.155032	2.65971	2.095405	1.818636	2.739515	1
1.05089	1.90067	.495992	1.014343	-.388877	.30443	-.376776	.469071	.692956	1
5.472833	5.668516	6.454925	5.807756	3.663264	4.958151	1.286723	1.811795	3.39868	1
.083059	2.227605	1.693789	2.175413	1.910237	2.439154	-1.793469	-.62921	2.410619	1
-1.769526	-1.59425	-2.184551	-3.547602	-3.782878	-1.687839	-5.567854	1.077458	3.65471	1
-2.075134	-1.618798	-1.832046	-.597644	-.487658	-1.731065	.893222	-1.877115	.99068	1
1.029174	2.122088	1.550919	1.699514	2.865884	1.744271	-.14184	.784659	2.206325	1
3.519625	2.561474	3.2425	.986903	1.16962	1.58409	.896185	1.361107	2.479822	1
1.671084	1.863698	1.976467	2.254257	3.152082	2.623736	1.182212	1.488791	1.343146	1
.833378	.854363	.174128	2.02996	.938666	1.752954	1.548027	.265843	.76796	1
6.875865	7.050065	6.361888	5.153886	5.377912	3.859961	.562608	4.534843	3.506269	1
4.838749	4.164308	2.335548	2.718174	2.830605	2.802829	-2.277616	3.39808	1.99014	1
1.922115	.126394	-.24431	2.400338	2.026551	1.782831	-.153101	1.804137	2.108007	1
-.516085	-2.16265	-1.442237	.26324	.215004	-1.312852	-.438163	-1.161504	1.646678	1
4.235889	3.989989	4.214025	3.388283	2.193993	3.182346	.402273	.486359	1.578748	1
2.697247	3.725588	1.675096	1.898775	.492143	1.063405	-.545866	.121818	3.360392	1
-2.301065	-1.316312	-.695283	-2.278046	-1.045197	-2.015417	-2.305636	.961342	.94522	1
1.47137	2.562961	2.160479	-.389518	.43148	.523916	-.999327	.505433	1.175517	1
1.473837	1.237544	1.18622	1.602153	2.159173	.268469	-.86644	1.943163	1.423966	1
1.244621	-.75671	.732847	-.840143	-.752463	-.677978	-2.246794	.255021	2.689391	1
3.921927	3.376609	2.397948	.28684	1.235517	.769877	-.15448	-.701848	3.53176	1
3.086093	.638001	.913943	2.810434	2.831907	2.854167	-.097215	1.694137	2.314433	1
2.939745	2.585162	1.435419	3.074971	3.221683	2.236532	2.475371	.636593	1.806678	1
1.833193	2.30259	2.707767	2.496439	1.76623	2.934743	1.759685	.057972	.26969	1
3.58576	3.715076	3.521513	3.417555	3.527821	3.119357	.463911	2.863926	2.708258	1
3.555733	4.621399	3.499134	2.447813	3.109694	2.775417	1.619026	1.502991	1.555422	1
1.487216	1.347569	2.187399	1.287669	3.553063	2.688753	-.844045	1.269822	1.698135	1
2.285338	2.110439	1.656279	2.511161	3.750569	2.486158	.416044	1.991667	2.536051	1
3.909596	3.862399	3.953931	4.134482	3.519437	2.195196	-.107003	1.887596	3.082992	1
.729297	1.334883	1.793688	-1.187642	-1.059171	-2.179603	-.758857	-1.534521	2.30405	1
-1.10062	-1.484413	-1.098488	.507985	.968985	1.933872	2.04441	-.94072	.730755	1
.629585	.300966	1.892349	.049328	1.220976	1.828075	2.476943	-2.415979	2.686745	1
1.86609	1.572635	.543397	1.507151	.743941	1.352914	1.848789	-.569901	3.351962	1
2.74065	2.595978	1.680821	.721016	1.045223	1.416582	.720468	1.742251	1.605887	1
.416985	3.031273	.67339	.090469	.986815	-.56295	-.569835	.162944	1.128922	1
4.252564	3.655174	4.482769	5.32671	4.170352	3.156095	1.429612	1.076018	2.904333	1
4.767772	5.909607	5.608935	3.536553	3.807772	3.721538	-1.132477	3.138713	4.351592	1
3.017789	3.941167	1.962545	4.550294	4.473763	4.108757	3.669656	1.997039	1.502122	1
-1.041167	-.356543	.127523	.263717	2.187893	.928513	-1.128235	1.286087	1.707114	1
1.253896	-.048889	.877257	-.337807	1.172781	-.148089	.02659	-.525861	2.742509	1
.265002	-.531456	-.214761	-1.631139	-.877335	-2.451824	-2.00258	.314018	1.521898	1
1.673102	.676433	1.774212	1.487801	1.896263	1.57496	-1.89797	1.361967	1.120708	1
4.645593	4.088273	4.684766	3.54264	1.63225	3.039363	.268096	1.377305	2.77191	1
3.270773	1.214852	3.013651	4.790688	3.579115	3.712834	1.61835	1.70637	1.30401	1
1.826456	2.384374	1.155953	-.728524	-.52193	.994772	-.019412	1.455711	.458139	1
3.25543	3.380642	3.850967	2.414156	1.581102	1.286363	-.501851	.871936	2.700025	1
.27645	-.936174	.34716	-1.566372	-1.697049	-.737361	-.769087	-1.448671	2.337328	1
3.117402	2.872536	3.10411	4.402088	2.796049	4.504803	-.489206	2.635124	2.416274	1
.786344	.09395	1.045384	1.356172	1.901298	2.192495	1.37259	-.539859	1.595621	1
4.976619	4.734485	3.735402	4.231193	3.34166	3.511694	1.041339	3.112045	2.085487	1
1.047814	1.204936	.979233	3.166704	4.64405	3.262481	2.840375	1.758287	.845019	1
3.434813	4.465873	5.538109	3.989538	3.865322	4.401654	2.589218	4.399075	1.903944	1
1.694585	2.573797	1.862604	.153418	-1.399247	.258361	-2.613896	4.087867	.723508	1
1.455278	.05489	1.161978	.412462	-.343452	.041834	-3.575291	2.605783	3.346703	1
-.10923	-.441316	.868366	-1.35241	-.909762	-2.041817	-1.725251	-.809066	1.948797	1
-.157466	-1.298901	-1.917269	-2.714278	-3.93111	-3.385261	-2.231298	-2.039432	2.025593	1
4.446045	2.438896	1.822592	.97403	1.115749	-.183218	-1.900263	.424355	1.951594	1
.460212	.536959	-.552945	-1.476763	-1.068341	-2.251478	-2.513656	.785402	.483653	1
4.778353	3.643909	4.631272	2.73502	2.951029	3.95122	3.587429	1.24742	1.102311	1
1.648797	2.77306	2.599822	1.160596	.660115	.364803	-2.782425	2.028754	3.261773	1
3.562025	4.181736	2.940561	3.975789	3.732712	1.649702	1.786905	.854568	1.094269	1
4.324723	4.338632	4.297582	3.151828	4.451469	4.812414	-.212416	3.283651	2.752583	1
3.230275	2.033763	3.145428	2.54338	4.022945	3.447547	.523377	2.379223	1.481001	1
3.13378	2.292236	1.832352	1.889257	1.588865	1.442189	.257395	1.343427	.76895	1
4.449599	5.68058	4.452358	2.124364	3.177768	1.424191	1.067632	3.031073	1.049989	1
-.090862	.587508	-1.097082	-2.60098	-1.904736	-2.854349	-2.278474	-.677919	1.255547	1
1.668036	.336122	-.254589	1.349345	.311528	-.500439	-3.485426	.183004	3.177455	1
5.788224	4.002227	4.395525	5.021334	4.021893	4.234757	4.843922	.100782	2.966705	1
4.453238	3.784591	4.896815	1.899198	.503139	1.892916	-.948863	1.28218	3.651195	1
-.06204	-.153113	.754742	.067358	-.0563	-.806904	-.460217	.240035	.569231	1
2.415525	2.25641	3.597848	.985818	.206004	.115987	-3.296133	3.152316	2.953831	1
3.718109	2.378649	1.154175	-.410854	-.563963	-1.007796	-3.342996	1.668917	3.01113	1
2.070818	3.138862	2.662019	2.597541	1.869474	1.41807	-.545157	1.469801	3.045546	1
1.93679	1.711246	2.555672	1.978801	2.687844	2.690268	-.72381	2.487649	1.712839	1
2.457622	2.464598	2.874391	3.453128	2.457083	4.001736	1.485187	-.317082	4.24137	1
4.431766	4.747294	5.068479	4.261106	3.855572	2.852633	2.947547	.199403	2.38568	1
5.203457	5.442345	4.137722	4.882305	3.827642	1.917839	1.975355	1.638178	1.037083	1
1.831158	1.878321	.579281	-.541511	-.433952	.199015	-1.234458	-.051926	2.403536	1
2.274325	1.065975	2.602716	1.516971	1.692558	.979751	-1.881218	.931472	2.115591	1
-.378009	1.238201	-.252093	-.665916	-1.167052	-.406562	-1.29908	-.234119	2.084912	1
3.793906	3.491874	4.081926	4.065261	2.293477	4.274858	1.702453	1.686433	2.357834	1
3.690449	3.998371	3.552618	2.225908	2.462872	2.687973	-1.179922	3.151951	3.330892	1
3.631997	4.178978	3.852706	5.457523	4.77053	5.53986	2.201126	3.531836	2.257318	1
2.582382	1.727043	2.678759	-.392674	.178241	-1.22857	-.876252	-.061808	2.154325	1
-2.236672	-.571741	-.677952	-.529385	-1.218181	-1.458345	-2.995593	.687584	1.560708	1
3.390522	3.671208	3.433163	5.33448	4.274618	4.114861	1.901735	1.460002	3.078089	1
3.043194	2.31399	3.273335	2.052394	1.565428	.973739	-.199351	1.827228	2.583175	1
3.216311	2.843649	3.779685	5.120464	5.717578	3.751814	.60297	1.973952	3.399419	1
3.773567	1.877356	2.236279	2.912905	2.562767	2.067408	2.364471	.471823	1.681872	1
2.765605	2.271477	3.507836	1.959499	2.143816	2.258381	.726755	1.392752	2.465766	1
-1.161763	-.100549	-.893971	.128211	-.779811	-2.43278	-2.640961	-1.351928	3.552543	1
3.357385	2.581141	2.73666	3.275291	2.836644	2.987883	.266246	1.373956	2.688448	1
.399654	.049998	-.312763	.737579	1.36241	-.080351	.978438	.427805	-.584389	1
3.133522	2.732045	4.494159	2.093785	1.943891	2.503794	.112047	1.852808	2.59423	1
2.524609	2.657427	3.372396	4.323873	4.569929	2.637853	1.217636	1.999077	1.104764	1
.658772	.771042	.632263	.985504	1.536904	.725877	.546291	-1.264843	.967099	1
4.353207	3.16717	4.31829	1.472709	1.93641	1.6651	1.276486	1.309923	3.748031	1
2.240615	2.16947	3.493256	3.780682	2.675349	3.391437	1.209582	3.60548	-.575769	1
-2.183978	-1.933773	-1.709572	-1.277181	-2.20675	-1.825038	-4.952299	-1.11825	1.65829	1
3.819364	3.65758	2.821252	2.245757	1.132933	2.144828	.101232	.929122	2.577936	1
1.584928	1.641613	2.4723	.170063	.136036	.688836	-1.548478	-.510938	3.519005	1
3.038419	1.62516	1.154326	2.530992	2.571212	2.925337	.487151	-.402254	1.937276	1
2.497311	1.924019	.844944	2.412502	3.357241	3.343533	1.484911	-.709545	2.512582	1
.718637	-.670957	.44253	1.101675	1.012364	.894399	-.686894	.601388	2.332872	1
2.572535	-.186038	1.190464	2.764422	2.059795	2.551109	-.00613	1.571323	1.44576	1
5.037262	5.513601	5.814804	3.471859	3.446842	3.183644	-.049187	2.2458	3.429987	1
2.653283	1.014416	.264852	.149802	1.853987	2.570667	-3.297539	2.773569	3.281521	1
2.174548	3.636689	1.656488	.895106	1.4659	2.055135	.105876	.373044	1.7255	1
-.988831	-.469178	-.049121	-.862877	.088145	.669754	-.819188	-1.246922	1.376302	1
1.128131	.98952	1.397842	.687627	2.02114	1.275998	.734713	.872095	.606582	1
3.479373	2.990687	4.338261	1.867772	.168842	1.24464	-1.276718	1.123126	3.951116	1
-.800213	-.457727	.192785	-1.363686	-1.550128	-.728807	-1.269643	-1.395944	1.787562	1
3.402922	2.64603	3.399358	2.467452	1.450829	1.850383	3.024149	2.49682	.234006	1
4.189725	4.232857	4.691258	2.071068	3.527251	3.298221	1.270774	1.473741	3.944744	1
-.006599	-.359599	-.619295	.351391	1.201876	1.831581	.576268	.205563	.485898	1
2.785009	2.289457	2.190453	1.396583	2.157503	.752553	-.434757	.432127	3.110387	1
3.931625	4.482785	2.089986	3.006837	2.832547	3.724208	-.426709	2.488559	3.154464	1
1.489328	2.886301	1.873224	.424937	.522217	1.845148	-.9543	1.278131	1.949852	1
-2.130913	-2.785268	-1.137942	.062597	.545222	.154146	-1.482417	-1.871399	2.616724	1
1.404088	.186432	.915498	1.856227	1.601797	1.479135	-2.590112	1.619979	2.904489	1
1.146575	3.308111	2.655974	1.059487	2.184718	1.99368	.129283	.382329	2.187609	1
1.749182	1.119173	.82104	-.493407	-2.175789	-1.567292	-2.659531	1.219875	.755849	1
1.811925	2.579295	3.302589	4.548172	3.532241	3.85134	1.728056	1.923682	1.049386	1
3.423673	3.783907	3.759084	3.791289	5.978646	4.679574	2.398665	-.059118	2.429305	1
3.908818	4.009071	3.748348	3.041891	2.991506	4.049263	4.057316	.386033	1.582799	1
2.469843	2.206891	5.022254	.292855	-.743202	-.358189	-2.218195	2.167425	3.048601	1
2.675999	3.972442	3.371372	1.776939	1.93166	.500012	2.015781	.740719	2.50617	1
.966221	1.189428	1.584058	.967895	.301322	.306818	-3.244217	1.300195	2.845568	1
6.127457	7.455966	6.986663	4.069645	5.736649	5.050185	1.642972	2.515947	4.194374	1
3.0706	2.618955	2.779929	1.417199	1.014668	1.374276	.250452	1.697639	2.302768	1
2.545546	2.32786	2.34233	1.813548	1.709426	2.10201	1.172782	-.255433	2.113164	1
3.685035	3.198492	2.767052	2.801987	1.35994	1.591548	.552397	1.952436	3.150145	1
1.938112	2.256728	.221664	-.539109	1.088988	1.825614	-.929587	.881035	2.439911	1
2.616312	2.529963	4.754545	1.999331	2.78874	2.025904	1.390615	1.503868	-.368677	1
1.924932	2.397323	.843896	.284455	-.425753	.279475	.227907	.896817	1.544394	1
5.591623	5.290359	5.594624	4.538308	5.18021	4.378267	2.476401	3.272266	3.192948	1
-.003013	-1.856252	-.56471	.243241	1.283035	.122014	-1.171898	1.037683	.232086	1
2.752292	2.992287	3.229101	3.412119	1.878267	3.215702	.572035	2.37089	2.306174	1
4.364305	4.028617	4.759865	4.915833	4.858379	4.431426	.86837	4.219062	2.885455	1
-1.532151	-1.605774	-2.046148	-3.780132	-3.531784	-3.081503	-4.452968	-1.634765	.82353	1
1.874484	2.468361	.891331	1.817021	1.548878	1.914543	-.017293	-.285209	3.036892	1
.911561	.746849	1.694861	1.561826	2.195017	2.544631	-.721862	.750143	1.734509	1
3.199794	2.827705	3.276756	3.397053	3.581393	3.728105	.543862	1.593098	2.911353	1
3.36739	3.585722	2.958112	3.805323	4.666678	4.088865	3.025973	-.272447	1.406813	1
1.238533	1.467271	1.08526	1.671124	2.75979	1.171344	-.020738	1.126986	1.028153	1
2.030231	1.062941	2.310814	.212254	.922155	1.308696	-.394349	.514686	1.853141	1
1.608227	1.320483	1.818464	.985569	1.406317	.405729	-1.546573	1.782047	2.684563	1
4.019319	4.49832	4.029888	4.097406	3.71021	3.399683	2.114526	2.068179	2.554508	1
1.727543	.136076	-.213408	.397151	.402499	1.018678	-1.305948	1.392643	1.131115	1
3.500895	2.840848	2.867963	4.209444	4.336377	3.556848	3.010242	3.668759	-.104177	1
.251847	.14932	-1.364792	-.795267	-.940754	-.800922	-2.061747	1.270824	1.357298	1
4.027819	4.070229	4.465112	2.054356	1.027473	.72024	-1.548165	.780218	2.012295	1
1.625209	1.238374	.632305	.493062	.884652	2.123803	-1.575129	2.792547	.08267	1
.950677	-.543396	-.500382	-1.225383	-1.201868	-2.493526	-.254737	-2.267981	1.718661	1
1.31232	2.071122	.796219	-.799723	-1.225937	.426922	-2.707041	-1.410916	1.939069	1
2.86524	2.826199	2.444342	1.704801	2.419407	3.410616	-.596276	2.230216	2.583624	1
.951527	1.07191	1.610219	1.479425	1.388656	1.17525	-.844931	.640694	2.335544	1
3.229089	2.345546	2.441585	2.206656	2.25815	1.51598	.610507	-.207963	3.099143	1
5.312971	5.826515	5.813832	5.328244	5.932715	6.396125	1.977468	3.90787	1.377068	1
3.404972	3.075103	2.744207	3.01749	1.278901	1.819297	3.693522	-1.401414	2.576256	1
1.786149	3.582546	2.672482	2.738977	3.764865	4.292286	1.088516	3.647775	1.360879	1
2.049428	1.717782	2.001667	1.102524	.340626	.082265	-.846559	-1.495071	4.725896	1
1.869785	1.625172	.875707	-.60125	-.775929	-.601643	-3.589446	1.720753	2.425501	1
1.366606	.30811	2.044457	.473839	.286385	-1.365975	-1.333814	-.218375	2.815045	1
2.889531	2.607805	1.904653	1.214013	2.052138	.273402	-.802633	1.71727	2.502596	1
.7414	.702066	-1.01596	2.206768	-.202012	1.324553	-.958087	1.152545	.583769	1
5.257613	6.826689	5.812569	7.734395	5.818226	5.171291	2.606934	3.988043	3.978373	1
3.70334	3.411303	4.373401	2.34767	2.913505	2.851568	1.666676	3.165491	.597491	1
.810304	2.868867	2.060928	1.787952	1.423393	1.537632	.267424	2.459495	2.140666	1
3.13069	2.170018	1.123419	2.769092	1.670725	4.292713	3.319472	1.181272	1.025727	1
.707663	-1.284023	.655911	-2.732149	.340653	-1.090749	.285236	-1.574774	.708285	1
2.198485	1.533359	1.353767	1.001243	.976986	1.104566	.810543	.78613	.925528	1
.138444	.599584	1.553656	1.183367	1.244195	1.342776	-.516556	-.443821	1.284336	1
1.403457	1.034601	.104835	1.457597	.477662	.585397	1.685799	-.840814	.605669	1
1.507381	2.146543	.919801	-.143137	2.308307	.574353	-1.919843	2.169189	1.791764	1
-1.144497	.863955	.49735	-1.680442	-2.736062	-1.13444	-.459594	-.442243	1.347599	1
2.577835	4.372871	3.002443	1.161501	2.039272	.744253	-.685022	2.105521	3.001793	1
3.258411	2.725669	2.724681	1.293009	2.829769	2.638671	-1.178545	1.540363	3.549475	1
3.112094	2.894524	2.024616	4.466543	4.183746	4.979356	3.229287	1.236848	1.689875	1
1.101459	2.398683	1.547156	3.014118	4.070127	2.970546	1.141196	1.692731	1.776798	1
2.698937	3.979204	2.328847	2.209407	1.25343	.825558	-.913009	.717539	3.817625	1
4.111853	3.648045	5.13912	3.132894	2.371185	2.71437	-.809779	4.734245	2.187042	1
-2.22767	-2.011682	-.940286	-.147416	-.391314	-.914109	-3.788896	1.056202	1.693423	1
.933792	.713252	1.602579	2.254898	2.611647	2.796869	.011898	1.502012	2.551246	1
4.087017	3.881837	2.333178	3.450464	3.489131	3.578774	2.530761	-2.144178	2.290505	1
-.135852	-.450124	-.378582	2.377004	.523873	.756356	-.858668	1.72945	1.856392	1
.428595	.621821	-.359066	1.9318	1.970606	.981356	.397055	1.452917	.848027	1
1.195142	1.048618	1.266953	.698077	.096011	.726347	-.852272	.187842	2.604308	1
3.55467	3.873113	4.184826	1.46141	2.011683	1.534981	.068653	2.098647	1.054041	1
5.150491	5.016896	3.213504	2.121591	2.038756	1.292298	-1.188843	2.324905	2.816303	1
2.536464	2.424315	2.548684	.590442	1.676194	2.206264	-.080469	1.280656	3.425776	1
2.053559	1.653617	2.326195	1.08078	.421973	-.042303	-1.910706	.568054	1.316837	1
5.638076	3.98991	3.452664	4.08045	4.014952	1.932012	.245093	3.507031	3.299832	1
-.14608	1.67804	1.622288	2.100329	1.403666	2.505269	-.281827	1.198669	1.259058	1
-.107438	-1.058559	-.911616	-3.274735	-2.459872	-1.327931	-3.047404	.587371	.800682	1
2.638402	3.037083	3.133161	1.72223	1.596486	1.393536	.763717	1.100733	2.239021	1
4.151788	2.399701	2.576822	1.990117	3.163979	1.48603	-.180278	1.250851	1.612346	1
.760295	2.324081	1.895426	1.892827	2.022296	1.741962	.024648	1.610959	2.738634	2
3.541417	3.406176	2.631347	2.063707	2.524273	2.150336	2.842224	.456548	3.668237	2
.917211	.842527	1.098466	1.337344	2.869341	.506346	2.157782	2.198185	.012417	2
4.911382	4.867852	2.640109	4.584357	4.105256	3.992374	2.018237	3.030941	3.88739	2
3.950445	3.685913	1.985069	4.564386	5.180067	3.049975	2.51729	3.08614	1.717105	2
4.372163	4.440998	2.215255	3.413668	4.045647	4.283332	1.230898	3.444397	1.721484	2
2.344686	1.797499	2.624395	2.984007	1.580838	2.259756	-3.328103	2.947878	1.832525	2
.259659	1.421659	.564757	.163729	.586494	.35982	-1.343292	-.991188	1.652674	2
-.419333	.108417	.378177	1.235991	.661882	1.321292	-.28876	1.576877	1.631094	2
4.814403	5.083844	3.738679	4.735746	5.370623	3.421261	2.141332	3.926852	.499544	2
.796275	.909651	1.844051	1.429805	1.20108	.329934	-1.482192	-.443667	3.03457	2
5.609264	4.377062	3.521308	6.558081	4.474481	4.8704	1.188568	4.298829	2.813633	2
4.043638	3.914663	5.109085	1.19504	1.764238	3.027097	2.120321	3.842058	1.697045	2
1.319047	1.169837	.728735	2.264209	1.663398	1.633575	.245901	.019514	2.268836	2
3.221196	3.630203	2.318456	3.994375	4.413182	3.872823	-.326492	1.37705	3.143386	2
1.742095	3.327658	2.03518	1.600167	2.089393	.758993	-1.038808	1.053972	1.369997	2
4.230962	3.861606	2.159745	3.411455	2.098472	2.321907	.087054	3.891596	.712635	2
-1.000825	-.543705	.502175	.235412	-1.367505	.032494	-3.883751	.984524	2.495613	2
.447587	.181522	1.20432	.048339	1.049707	.734266	-.301112	.830451	1.835515	2
2.614288	1.322079	3.075031	3.777508	3.143412	3.284082	-2.968065	4.823854	1.501384	2
2.305581	3.314514	1.95881	2.242531	2.8434	2.29584	-.806555	2.642773	2.955651	2
2.7626	2.06046	1.995822	1.017095	.308272	1.573305	.628409	1.042972	2.787882	2
2.761328	3.005067	3.380586	1.135574	2.275024	2.554359	.209635	-.643065	3.340348	2
2.320107	2.135879	2.180453	.509052	-.247422	.472441	1.360553	-1.596073	2.837807	2
2.046449	1.550025	4.097896	2.63372	3.161182	2.714686	.01973	.986165	.101371	2
-.159384	1.492101	.636888	.824141	1.253739	1.397632	-3.211647	2.019777	1.646771	2
.499122	-.236344	.698348	1.962641	1.838272	.552276	-1.693464	.729227	2.276106	2
3.523845	3.833395	3.446329	1.193398	2.773511	2.718348	.205037	1.15752	2.25384	2
2.059127	-1.075523	2.264054	.202763	.650263	-.971429	.458211	-2.572303	3.782962	2
2.759363	.881167	2.908007	.365416	1.844348	2.640128	.379105	1.480653	.679424	2
1.770161	1.61621	1.961591	1.346994	1.924366	1.008149	.066194	1.514638	3.393952	2
3.077806	3.386269	2.83143	-.092252	.349142	-1.489	3.142629	.387994	2.011807	2
1.082691	1.071754	.918001	1.389198	.906447	1.631195	-1.917616	.412122	3.430806	2
1.848245	3.54747	3.852471	3.299773	3.429747	3.270097	1.026703	1.612687	2.04585	2
.545376	.95401	1.537076	1.387456	-.123431	.663288	.630613	1.813768	.169906	2
1.496114	1.976319	1.560403	4.253469	3.102627	2.902977	.441508	2.947014	.989349	2
3.771867	3.007553	.88885	2.013779	2.859434	3.782498	-.87401	3.087862	1.989049	2
.127195	-.82825	1.247067	.069243	.595231	-.817982	-1.306394	1.37046	1.791505	2
1.212663	1.008645	.819022	-.740305	-.87125	-.044303	-.187648	.150929	-.463185	2
4.82877	5.269081	3.220754	2.762107	4.705796	4.838841	2.688043	2.828569	3.129992	2
5.330084	5.737853	3.887938	2.226808	3.989501	2.952032	.929505	1.009964	3.395341	2
3.769871	3.805142	3.087354	2.974855	1.714042	3.574169	1.134331	-.564257	3.81637	2
-.736768	-.06055	2.284463	-.545811	.665886	.724085	-2.112115	1.607339	2.130957	2
2.428968	2.625204	3.292762	2.074326	.650887	.80823	-1.305625	.946825	3.685942	2
3.17414	1.536893	2.209031	.342704	1.206612	1.465099	-1.724428	.022218	4.762222	2
.512014	.383088	1.239163	.866606	.751517	1.549815	-1.639866	.388311	.465046	2
2.302538	1.110192	.937194	2.5165	1.967078	1.614256	-.574402	.25415	1.963139	2
-1.28309	-2.40101	-.957416	-1.241474	.014732	-.444901	-2.420694	-.843543	1.044062	2
3.07097	2.641724	2.735522	2.098974	2.537861	1.241586	-1.012736	-.568407	3.246797	2
4.566308	4.296207	3.542543	3.12692	2.415335	4.679336	.96975	1.675494	3.02744	2
4.138529	3.355606	3.517291	2.096971	2.253734	2.43449	1.976487	-.951944	3.293105	2
2.583815	2.381583	2.682918	-1.729051	-.028669	-.363114	-.967143	-.244304	2.413293	2
.87215	-1.036938	.304265	-1.356899	-1.079457	-1.349377	-1.077662	-.942381	1.447424	2
-.004973	.344653	1.359708	.706709	.94123	.191104	-1.40371	.443404	1.747326	2
3.08938	3.28023	1.574621	1.139336	1.428386	1.767842	-.260633	1.053795	2.120414	2
-.860904	-.144519	.468337	2.58505	1.622778	.122592	-.420134	-.332496	2.044648	2
3.995817	4.13937	1.440812	1.119161	1.692405	1.112754	1.577215	1.117551	2.434107	2
1.553592	.364426	1.396688	.403708	-1.307442	-1.614854	.804269	-2.329733	1.063716	2
-1.31476	-1.56785	-.211078	.260923	.419535	.12467	-2.952617	-.394959	2.419229	2
2.279116	2.424997	1.65476	.671467	1.150243	2.130416	.635354	.916006	2.378083	2
-1.464794	-.102564	.174477	1.994103	1.000252	1.404817	-2.225286	1.153172	2.009138	2
1.689834	.817188	2.565374	1.280404	.251315	.420254	.230874	-1.027177	1.11876	2
.406723	2.473186	.713539	.490319	.253957	-.883028	.084417	.95655	1.258309	2
1.980123	.56479	1.924859	1.770003	1.014575	-.248469	-.13475	.614013	.182455	2
5.846887	5.455862	4.535622	2.675784	4.425327	3.691242	1.390469	1.621813	3.540003	2
-.360982	1.5023	.096029	-2.03026	-.54363	-1.837955	-2.64756	.537228	.188395	2
1.75261	1.835067	2.557859	3.222684	1.959466	1.510052	-1.044284	1.563726	1.748807	2
1.177367	2.600393	1.976258	.761373	.437758	.696145	-.848879	.538275	3.200674	2
2.83158	3.988224	2.639024	.471121	1.662737	1.51769	1.707332	1.609508	-.114393	2
4.124809	4.296572	2.538014	4.241114	1.96174	3.545184	-.048542	3.183219	2.805064	2
3.051051	3.566625	3.022296	1.424477	3.524723	2.425923	-1.049071	2.693914	2.365287	2
.45694	.597651	1.154902	2.021336	2.273933	.701686	.916254	.14307	1.00232	2
4.231683	3.294082	2.548615	2.521785	2.411548	2.125442	.63382	3.512513	1.443932	2
5.043252	4.769864	4.283118	2.904774	3.388407	2.450739	-.062888	2.808275	2.884275	2
1.166493	1.399179	2.220178	.234979	.849861	1.187781	-1.426324	1.57516	2.969306	2
5.81569	6.2764	4.040187	3.278887	3.350117	4.316893	4.919685	.775676	2.088205	2
2.213807	2.280521	3.731981	-.856285	-1.266852	-.288027	.482924	-.248754	1.584895	2
3.426017	4.290265	1.909417	5.696335	4.813379	4.83464	-2.885217	2.857586	2.767237	2
2.13043	.21836	1.765733	2.671996	1.70036	.285267	-1.269156	1.006305	2.70173	2
2.102447	.920603	2.048763	1.078466	1.308333	1.847737	.256519	2.246495	2.547658	2
5.351111	4.532	2.833844	4.224579	3.800266	3.521053	.300606	2.173046	4.248386	2
3.811871	3.342649	1.742617	1.410285	.9137	1.068859	-1.805289	.96831	2.146091	2
1.179928	1.156678	1.48385	.378534	1.428755	1.295189	.60977	3.818512	.98917	2
5.376936	5.229445	3.28268	3.185646	4.967037	4.679123	-1.314051	3.392428	3.802153	2
1.505768	.341655	2.169398	-1.302527	.272606	1.090566	-.559602	-.651306	.624534	2
5.193027	4.9489	3.820882	3.828655	3.615049	3.819449	.687833	4.452001	2.320094	2
3.800749	4.666684	2.009962	3.534233	3.47416	3.285558	1.238278	1.340927	2.614482	2
2.330181	2.39603	.278859	1.684525	2.75027	2.123525	-1.052573	3.063471	1.099206	2
2.602164	1.636067	2.53457	-.353363	.880916	-.756493	2.197963	-1.851562	-.00683	2
2.666223	5.208309	3.676508	3.01854	3.272008	2.973387	2.953898	3.304935	1.041573	2
-.101882	1.474684	1.130316	-1.433202	-.599656	-1.120821	-.483681	-1.113441	3.074707	2
1.976672	2.92842	1.724053	2.834379	2.441357	1.688958	.65623	1.793698	1.280916	2
.01569	-.311253	1.052662	2.557841	2.469092	3.979878	.735422	1.730236	.814835	2
2.976482	2.881956	3.66033	4.734854	2.602199	2.566986	.847427	2.624738	1.037105	2
3.577742	2.327633	2.048428	3.154727	2.957743	4.352754	1.575875	.09979	1.972523	2
3.799681	3.519959	3.462053	2.124159	2.472023	3.718053	3.128274	1.790285	2.598919	2
2.881116	2.584052	.949786	2.283762	1.539889	1.717365	-.234557	2.117192	1.655009	2
3.536001	2.769497	1.94612	3.10335	2.40148	2.430244	-.246494	2.093654	.639039	2
4.473811	4.449736	3.960352	5.153738	4.23429	3.745214	1.434624	2.184127	3.539729	2
3.689786	3.266975	2.976681	3.044065	4.443602	3.987203	2.334265	1.591829	.790839	2
1.264113	3.105675	2.342991	.215219	-1.9062	1.313906	3.64553	.763685	1.072027	2
1.635301	1.898608	2.409854	1.22625	1.813744	1.857848	-.649281	1.508311	1.692421	2
-1.060159	-.25197	1.305313	.250348	-.499719	-.088267	-3.423684	-1.648624	2.311398	2
6.122032	6.006527	3.489973	2.760016	3.978041	3.859112	3.502471	2.36697	2.282944	2
4.984868	4.004554	2.196973	1.965097	2.44601	1.535225	-.473058	2.963801	4.025999	2
.484249	.391272	.542918	1.880341	1.709189	1.12127	-.65832	.107736	.85969	2
-.376529	1.013246	.997877	-1.89963	-.206767	-.70988	-.094013	.970946	.916923	2
4.580648	3.962743	3.960121	-.79182	1.190534	1.302699	1.652611	2.448972	1.67392	2
4.709024	3.308549	3.800278	3.705636	4.307386	3.805141	-1.795532	3.343245	3.631813	2
5.176356	4.362553	5.397864	2.734136	3.379375	3.596355	.82713	3.149017	2.051074	2
4.47149	5.215718	2.988122	3.010183	1.241084	1.322951	1.351682	1.723676	3.238747	2
2.380774	3.546021	2.653424	3.659832	3.45583	1.867148	-.671597	.70856	3.212982	2
3.026918	1.570084	1.959496	3.723293	2.90722	4.262772	1.248627	1.880248	1.790385	2
4.042074	3.363582	3.186913	1.99027	2.111472	2.840588	.689138	.819517	3.60554	2
4.597593	3.298376	3.212592	3.714578	2.842855	2.279478	-1.775923	2.495592	1.168499	2
1.834539	2.447955	1.56808	2.274374	1.112781	2.275285	-1.618019	1.836852	1.141812	2
3.469284	4.09949	2.45563	4.01965	3.519959	3.736947	1.021114	2.532079	2.004424	2
-.656537	.534718	1.733323	-.112927	-.677611	-.509869	-2.902998	.784154	1.211365	2
-.401075	-.008933	.647725	-.648445	-2.059648	-.637987	.988898	.452014	.301443	2
.116562	1.687903	2.803836	2.07801	.835944	1.374291	-1.655427	.996233	3.700073	2
1.43482	-.109081	1.721921	2.048632	1.488124	1.630003	-5.000015	1.389513	2.398862	2
1.726529	.944598	1.547311	-.418178	.930991	.59458	1.528126	.87351	1.185461	2
-.483586	-.35435	1.151744	-.201263	-.885414	-.572153	-2.122934	-.853683	1.324845	2
.692629	1.158871	.415472	2.122924	1.271723	.903905	-2.227272	.688361	2.000483	2
1.7148	1.348824	.858118	.49198	2.050426	2.115837	1.426648	.987755	.803071	2
3.622947	3.258883	2.617337	1.74902	1.476261	1.099528	1.176549	1.883985	2.236243	2
1.005906	1.588955	2.069086	1.36483	2.178334	3.556925	-2.26482	1.144996	2.531729	2
-.331537	-.668542	.971424	-1.073951	-.892257	-1.209092	-.866815	1.783568	1.390576	2
2.731615	1.898419	1.310131	2.27659	2.470635	2.331148	-1.390099	-1.005075	4.628979	2
-.050011	-1.275543	.468949	.192869	.964576	-.62807	-2.578146	.286163	.640305	2
.97148	1.999391	1.622722	-1.900738	-.673826	.644055	.415147	.038118	1.841121	2
1.667711	2.605508	.95785	1.489391	1.94308	1.629177	-.974004	1.551639	3.911577	2
-1.600702	.310934	1.067867	1.419263	-.364032	.717483	-.034006	-.674859	-.018838	2
3.257967	3.497611	1.173795	1.540451	2.661209	1.971186	2.146608	2.267381	-.018004	2
1.749665	3.365723	3.680087	5.400565	3.505181	4.493077	1.367204	2.188587	2.819953	2
5.945964	6.002478	3.511985	4.521454	5.903184	4.619767	1.476551	6.391458	2.544803	2
2.154281	1.307535	.734526	1.557521	1.54493	1.321598	.155203	.054742	3.53865	2
1.396596	2.137731	2.331849	1.121156	.47846	1.746895	-2.707509	1.596234	3.146572	2
1.686518	1.284804	1.906354	1.576267	3.081877	1.644968	.308218	1.188702	1.63006	2
4.844903	4.757369	3.353782	4.364737	3.736533	3.138075	-1.004782	3.421212	3.395695	2
4.819279	3.673869	3.26863	1.225775	.44575	1.93864	-1.257047	2.782652	1.459753	2
-.195813	.960368	.994505	2.58993	2.134308	3.094552	-2.234848	2.37064	1.773773	2
2.961938	2.729462	.845204	.9795	.012351	-.231522	-1.957222	.46235	2.281553	2
5.24835	5.671539	3.391401	5.535076	5.124416	5.514229	3.618279	2.168866	1.77186	2
3.755244	2.207072	1.667877	.990212	2.578771	3.193563	.11821	1.94986	1.196078	2
-.201506	.827684	1.467022	.769348	-.900965	-.866292	1.185063	-1.741806	.385192	2
1.398921	.976885	1.357734	.550427	-.210193	-.12191	-.127427	-1.0623	.911799	2
.536311	-1.901597	1.106908	-.420371	-.097726	-.432569	-4.170288	-1.235838	2.891882	2
1.333193	1.406186	1.845126	1.256116	.673815	1.328135	-2.565415	2.153888	2.250281	2
2.297257	3.558003	3.563354	1.714098	2.023025	2.763408	2.521463	.293407	2.100958	2
3.064152	3.039188	2.405225	3.644893	4.073142	2.6419	.835408	3.67802	.886589	2
.34034	.586432	1.128974	1.840652	1.855152	2.84842	-.754528	2.319217	1.389203	2
-.044586	1.488101	.710207	2.398016	.638097	1.71311	-.951125	-.008685	1.547064	2
2.741841	2.029989	1.849948	.434635	1.036146	.485301	1.002795	-.824818	2.173125	2
5.610681	5.712466	3.861572	3.752151	2.467769	3.043489	-.383876	1.644562	2.689557	2
1.713132	1.199044	2.248076	.704949	1.242875	1.966571	-.583327	.906447	2.13441	2
5.161076	2.463805	3.228887	2.077484	2.458563	2.311669	1.037285	2.354204	1.707808	2
.141868	.343156	.7987	.213048	.032678	-.293366	.331901	.525517	-.814606	2
1.515889	.607197	1.496132	3.386575	1.832091	.406828	-.338285	1.547861	1.493197	2
2.07105	1.821313	1.113309	.336426	-.861454	1.470678	1.206836	2.212537	-.08834	2
2.034368	2.939573	2.57723	1.838946	2.045791	2.976038	1.201765	.823189	1.301848	2
3.242679	3.176893	2.343984	3.848973	3.310737	2.943975	.944655	2.82841	1.487596	2
4.258528	4.794898	3.412889	2.450293	2.212046	2.837968	3.040466	2.22731	2.598056	2
4.229371	4.894513	2.606787	4.174891	5.161491	3.247167	2.56632	2.161935	2.515189	2
.881719	.577839	.31599	2.766244	1.790079	2.012945	.303249	-.936727	3.004325	2
1.142543	1.031201	1.872322	.019152	.387065	1.220089	-.505241	-.520231	1.439614	2
.228819	-.266264	1.450092	2.090775	1.201334	1.147159	.038206	.052859	3.646671	2
-1.332815	-1.540703	.266159	.37172	.525668	1.720287	.282482	-2.625122	1.697409	2
3.30446	3.645866	2.463719	1.519999	1.238683	2.098628	2.238348	-.387703	2.278402	2
1.311078	1.987619	1.912246	.359956	-.085751	.413512	-.422553	.132017	2.587727	2
2.396014	3.666501	1.582419	1.135329	1.238119	.236847	.487397	1.014749	3.625616	2
2.480688	3.369415	2.09691	2.351416	.983142	3.020653	.642881	2.230354	3.652266	2
4.374485	3.501308	2.299347	4.916459	3.412027	3.672788	-2.658604	4.904083	2.324414	2
1.319138	.82302	1.845675	1.63781	3.00399	2.987654	-1.024074	1.361739	1.255535	2
.820458	1.007878	.031067	1.190161	1.581882	.383013	-1.119518	.892388	1.980168	2
1.750728	2.149282	1.108554	1.944627	3.704129	1.166784	1.507313	2.440773	.77762	2
1.14628	3.14208	2.551658	2.203361	1.096837	-.029771	.88532	1.290179	.938077	2
1.335728	1.849961	2.042922	.389112	-1.105342	-.971407	1.562937	-.943738	1.668643	2
2.396904	3.700853	3.739057	2.917897	1.951801	2.219504	-1.933086	2.1078	4.214984	2
-.130593	-.50574	.425218	.749299	.695401	1.100034	.587412	.513375	.925792	2
1.562355	1.653656	2.73327	1.175446	3.118396	2.719952	.795598	2.981377	1.431288	2
1.58494	1.584992	2.375236	3.428202	3.26551	4.464945	-.545925	3.350281	1.24127	2
2.223016	2.644744	3.200601	2.203628	2.584748	1.04531	-.447783	.744441	2.496063	2
1.0468	1.607055	1.638298	1.241559	.381238	1.359674	-1.323278	-.176743	1.39928	2
3.877563	3.444386	1.794431	1.180177	3.945497	2.773815	-1.41401	2.938765	2.385668	2
.491552	.528477	1.810768	-1.862059	.075256	-1.64589	-2.26303	.615397	1.898036	2
1.245807	-.12936	1.504078	.738685	-.338469	.688191	-.806425	-1.263704	1.511978	2
1.530625	2.509274	1.454563	.69438	.561432	1.556262	-.220846	1.095839	1.145398	2
.600837	1.706841	2.12843	1.135084	.786734	2.892153	-.208397	1.039764	2.443508	2
.671529	1.036037	1.700472	2.050996	1.970518	2.630293	-2.116477	2.361285	1.513821	2
1.906396	2.784378	2.417671	.767108	1.198411	.00553	1.608372	.060075	.905501	2
-1.613674	-1.633292	.916134	-.840627	.939235	.956412	-1.460886	-1.451415	3.724801	2
-.521628	-1.479324	.744898	1.509925	1.955858	1.437262	.788874	.830686	-.38897	2
.18365	.715685	.246927	1.356223	1.009324	.376463	-1.883678	.394143	2.829442	2
-1.134517	-.267506	.7348	2.105199	.894589	1.562805	-2.460493	-.572019	1.275332	2
3.692008	3.969604	1.619001	3.751032	3.480067	3.860301	.350285	3.566677	2.685633	2
3.557618	1.605173	2.797305	1.890264	1.350027	3.879795	2.837665	-.193608	2.109144	2
1.724959	3.956225	1.439478	.905612	.055398	.338791	.4727	1.262928	1.919121	2
-.953023	-.149305	-.026252	.877673	.814589	1.210738	-.35135	1.543502	-.108933	2
3.848907	3.617421	.967738	2.131917	3.587507	3.32518	-1.316267	1.270565	3.194068	2
.469672	.728453	1.408424	.022275	.54437	.952119	-.442884	.552485	1.539341	2
3.458064	2.51209	3.682235	2.487919	1.575991	2.576072	2.471534	1.026666	1.506895	2
4.375159	3.305879	3.15055	2.694571	4.041448	2.920056	-1.527396	1.206592	3.411202	2
3.346461	3.235827	2.958215	1.593348	2.572345	3.579335	2.590586	1.008844	2.946097	2
3.657161	2.259792	2.136934	4.224338	1.970955	2.916539	-1.665966	1.908373	2.9058	2
.360771	.336954	1.882058	-1.050354	.617728	.539003	.521678	-.714598	2.037677	2
-.627861	.029456	.615172	.672206	.421923	.659988	2.046966	-1.864811	2.252906	2
.279838	.454376	1.569976	-.263335	-.256973	-.85304	.212746	-1.725747	1.054736	2
-.492029	.009762	.243099	1.1236	1.382021	1.694337	-1.64959	.250715	1.687328	2
3.55894	3.316178	1.304979	3.146163	3.150347	3.049529	-.91155	3.431746	1.610943	2
1.84639	1.571379	2.217309	.153906	1.39906	2.506145	1.746164	2.204502	1.472309	2
5.031907	4.962438	4.487114	3.247162	1.872734	3.244253	.918437	1.838234	2.172918	2
1.635338	1.070818	1.935953	1.801915	.280914	.009617	-.616372	-.828102	1.562506	2
2.121566	2.392896	2.532196	1.818341	1.186881	1.146738	.829641	.166655	1.871618	2
4.43575	4.838848	1.931517	2.932398	2.990528	2.252627	-.619797	3.108378	3.440433	2
5.817797	4.252586	4.137471	3.46631	3.836643	2.549055	3.84155	.23564	3.82868	2
2.711173	3.769427	3.168116	1.701762	3.575872	3.134199	1.731485	.734585	1.827605	2
-.263719	-.866807	1.135986	.857877	2.823972	1.210937	-3.347741	.265622	2.576603	2
2.044624	1.840664	2.13664	1.850298	3.395091	1.974052	.099999	1.863012	1.016771	2
3.052252	3.078231	2.566829	2.000306	.944389	3.329243	2.974408	.203908	1.786641	2
3.716793	3.416243	1.231307	2.744084	2.907332	2.051282	1.420565	1.387055	2.421922	2
3.238757	3.412276	1.918063	-.045888	.00309	-.309893	.094998	.347482	1.877576	2
2.302981	2.993577	2.885858	3.748793	4.56841	3.469324	.797857	2.02089	1.778714	2
3.190124	2.429707	2.238236	4.322738	3.761904	5.045151	1.1458	.361221	3.220589	2
4.90281	5.37016	4.346395	3.860696	3.411397	4.004444	1.991161	4.049407	2.684164	2
1.594639	2.560051	2.320187	5.018758	2.781844	4.290474	2.486371	2.679682	2.318194	2
3.14738	4.27044	3.102219	1.109836	2.187474	1.832603	1.474103	1.489685	2.068505	2
1.644419	.599685	2.035044	2.962458	4.239738	2.70134	-.719455	.602538	1.702151	2
-.912438	-1.354588	1.027592	-2.740968	-2.805038	-2.712049	-1.778299	-.226493	.276637	2
.850471	2.492522	2.624545	3.736122	2.640839	4.738172	1.490468	1.715933	2.843742	2
4.78527	4.13183	2.758388	3.490122	4.259845	4.38275	2.687467	-.191575	4.154289	2
1.730501	2.326964	2.504207	2.37116	4.552243	2.900948	-.187954	2.426241	1.544817	2
.962556	3.290911	1.879113	.288526	1.126626	1.640368	-1.700471	1.07687	1.901151	2
-.077963	-.566278	1.159177	-.56517	-1.411905	.288363	-.010601	.130829	1.586555	2
3.292476	1.926418	2.749369	2.553441	3.041314	1.232346	.901211	1.510089	1.740163	2
.943369	-1.434434	2.560184	1.018524	-.236602	.960046	-1.873308	1.289491	-.80173	2
4.821522	5.741444	3.610794	3.437611	3.507234	6.555333	2.228313	2.882902	2.563156	2
3.070969	2.430991	2.255219	2.907566	2.619823	3.075596	-.318053	2.187772	3.209122	2
1.923442	1.539275	1.358049	2.767971	1.264169	2.427805	-.134309	.788944	2.027414	2
-.109688	1.936804	1.51608	1.233296	2.293035	.375657	-.398351	.434004	1.60796	2
3.9318	2.413916	3.318948	1.98363	3.842633	3.511709	-.817705	3.199163	2.507225	2
1.93331	1.265276	.998336	1.505229	1.194787	2.56565	.621903	.96528	.696804	2
2.42387	1.602224	2.005833	.693465	1.956201	.404547	-.797978	1.901858	1.456777	2
3.858103	2.891647	2.341273	2.053586	2.309636	2.944771	-2.984012	1.488202	3.228347	2
-.312894	.779107	1.487112	-1.238246	-1.866949	-1.087138	1.250355	.257198	-1.223144	2
1.624355	-.287698	.410652	.650326	1.265109	.609947	-.489205	.042108	1.620753	2
2.659929	2.561722	1.676038	2.531326	2.726801	2.504297	2.571257	1.906044	.761726	2
5.069813	4.771173	3.548863	3.782734	4.03847	2.179014	1.945399	2.479659	3.563147	2
.650433	-.140719	1.292082	-1.231661	.172807	-.024372	.032759	.624721	.19945	2
3.766772	3.15819	3.309085	3.52773	4.360749	4.278668	.964428	2.912738	4.364165	2
.986458	3.892507	2.569758	1.639495	.393398	.857491	1.158696	-.249143	1.655345	2
.187138	.224038	2.398328	.292887	.138651	.162439	-1.32795	.498765	1.428691	2
1.020684	.527707	2.283558	1.24815	-.239164	.840729	.14343	1.200506	.386832	2
2.034418	2.081851	.874184	2.943188	2.62393	2.623731	-.878735	1.362557	3.196166	2
.76879	.960912	2.721252	-.516849	-1.216889	-.300161	-.255376	-.37639	1.411174	2
4.05103	3.409151	1.3178	1.945469	3.282419	3.675021	-1.479097	3.530837	2.069442	2
1.418264	.299825	1.687845	-.108735	.252579	-.85484	-2.015662	1.322866	1.559312	2
2.307617	2.946854	2.444593	3.337817	2.96167	2.409071	-1.153044	.899875	2.432047	2
3.745266	4.310188	2.506373	3.327724	4.111921	4.073037	.507304	2.870619	2.256581	2
1.555402	1.041166	1.624351	1.741114	-.645888	1.938103	-.981743	2.673207	.817194	2
.748936	1.640556	2.127161	2.205738	2.422609	2.153023	-2.330387	.213697	4.021717	2
.642571	.880757	1.025145	.291102	-.687337	.062044	-.444586	-.508089	3.252873	2
.022869	.546199	1.901562	-.199596	1.364652	.140469	-.111406	.209032	.504778	2
-1.116742	-.149313	.337236	.94195	.414743	-.739769	.726027	-.685115	2.39244	2
2.016442	2.223732	2.08435	.568884	2.524852	.435127	2.994948	.891759	1.62926	2
2.107456	3.041451	3.196558	2.22293	3.032474	2.40435	1.206657	1.686728	2.185789	2
.402379	.194328	1.576113	1.040987	1.659562	.582951	.257908	.13261	2.656696	2
.678314	1.220542	1.202369	1.334936	1.146883	.401635	-.452776	.823091	.637699	2
.327892	.846681	.783954	-.923409	.942529	.416894	.230987	.074818	.925043	2
3.440038	2.575878	2.429727	4.344264	3.184117	4.415069	2.922914	.80264	1.662531	2
1.288381	.850799	2.328507	3.614193	3.09785	2.027594	.286222	.913782	1.97857	2
1.404755	2.521487	1.791558	.84258	1.855949	2.371129	-2.359883	.427449	2.724196	2
6.552795	7.309937	4.253438	6.179867	6.398944	6.519162	2.92654	4.162214	3.419582	2
1.273294	.477447	2.198648	.051862	-.62658	-.845629	-2.67781	-1.361797	2.890295	2
-2.800151	-1.286803	.277201	-2.283351	-3.012131	-2.832428	-1.897773	-.074834	2.45	2
4.310892	4.426575	3.292828	3.011437	3.63198	2.075632	.657864	3.878747	1.019437	2
3.397733	3.628266	2.792354	2.265096	1.716478	3.487606	.71913	2.898206	1.611633	2
2.019755	3.132706	1.43974	1.974404	1.681773	1.816316	2.350372	1.034599	2.288896	2
.314123	2.131449	1.722995	.744817	-.071297	-.476555	.046449	-1.461408	2.940449	2
2.540253	3.623467	2.749995	1.828501	1.59444	1.110518	-3.816408	2.189361	2.957075	2
1.640487	1.960367	1.501061	1.068597	2.305161	2.229211	-.676388	2.612075	1.658538	2
.01884	.010875	1.636852	-.070164	.353925	.225143	-.66352	2.614224	.69966	2
1.021513	1.88723	2.555068	3.805486	1.596427	.771252	-3.365986	.224751	2.823391	2
1.663092	2.900293	3.450414	2.096126	2.338893	2.014648	-.286677	1.734161	2.890247	2
1.672065	1.136599	.082881	2.347306	1.96059	1.620508	-1.964276	.559984	2.51719	2
-1.536984	-1.51067	-.054204	-.873977	-.663429	.342654	-3.22568	-.48459	1.484075	2
-2.199564	.215759	1.277905	-1.615515	-1.55415	-1.384147	-.924831	-.975989	.692021	2
-.773762	-2.538046	.593242	-2.283182	-2.577576	-2.558818	-.667934	.942152	-.592605	2
1.642483	1.561566	2.179936	.292355	1.439828	2.322065	-.895733	1.017265	.219195	2
2.231401	3.298235	2.364207	1.608324	1.938327	1.194874	.650665	-.202208	4.022581	2
2.807395	2.369346	1.89755	2.13862	2.45097	1.229097	.144642	1.057453	1.034919	2
2.363689	1.0953	1.32182	.886635	1.478676	1.011714	2.222969	-1.414503	2.370205	2
2.72771	4.395271	3.601138	2.889928	2.011015	3.015841	1.953853	1.218829	1.546835	2
1.54989	2.552416	1.500935	1.68713	1.954231	2.825537	1.098966	.737674	1.537945	2
3.0092	2.239045	2.763163	2.72291	3.214621	3.139423	.973023	2.1845	2.737412	2
3.125256	1.809657	2.309094	2.861928	3.479721	1.511959	-1.477675	.786983	1.387068	2
.275199	-.416986	2.571043	1.222784	.515067	.431434	-.128687	1.369469	-.837946	2
5.452736	5.130819	2.649067	3.431731	3.368457	3.60623	2.005503	1.040186	4.616779	2
.770561	2.633149	2.106106	3.08451	2.407435	2.424726	-.175683	3.355258	2.724043	2
3.54639	4.025573	3.419149	2.232361	2.275408	2.594801	.020187	2.04596	2.049869	2
1.624541	2.190777	.265144	.195319	-.54613	-.014302	1.275912	2.470079	1.307582	2
1.846869	2.360794	1.60907	1.842661	2.908053	1.441001	.448912	1.437478	2.966149	2
1.788964	1.38149	.74393	2.072421	1.963841	1.513173	.997317	-.570923	2.085736	2
1.775816	2.270737	1.886164	1.051235	2.367404	2.562645	-.720125	-2.033551	2.390918	2
1.931259	.963491	2.486821	3.327216	2.941675	2.564622	1.734853	.296774	2.544105	2
-2.74426	-2.776793	-1.101003	.604313	.001392	-.263639	-1.196193	.929568	-1.022941	2
1.609821	-.326107	1.171104	1.267733	-2.411612	-.318298	-.977507	.50527	.821024	2
1.567233	2.629538	.81811	-.810934	-1.526504	.718406	-1.925923	-.949439	2.752223	2
.19328	1.76164	1.651377	1.957083	2.085776	3.545433	-.967357	.71632	3.183164	2
-1.136877	-.730322	1.529933	-1.023146	-.523506	.614522	-1.617041	-.887689	1.775895	2
1.848741	1.867934	3.070222	3.822105	2.483209	1.309353	-.904619	2.241313	2.551052	2
2.540258	2.214855	1.867627	-.057139	.98352	1.228733	-.498113	-.570238	2.66976	2
2.219829	1.426253	1.211502	.580097	1.195111	-.145683	.201392	-.676634	2.80705	2
2.169606	.30136	1.97546	2.645096	2.090925	3.186007	-3.338371	1.302964	2.920928	2
2.974589	1.612343	1.976077	3.743954	3.859823	1.283419	1.887069	.163212	2.345282	2
2.554259	1.411145	1.971725	1.30408	2.904563	1.924773	-.799773	.185489	2.536917	2
.034631	-.070749	.537258	.314403	1.234287	.870965	1.478448	-.640207	.460193	2
4.358214	4.853114	2.836083	3.167482	3.716405	2.902604	2.182817	1.502046	1.121157	2
1.249134	1.257706	2.298428	.658577	.871335	1.417621	-2.272849	1.110096	2.360094	2
.035241	2.194248	2.277825	4.327419	3.543743	2.339002	-.127039	3.080911	-.095826	2
.923858	.595987	.610059	-.142489	1.732023	-.088417	-2.72845	1.004868	2.826747	2
-.960352	-.444025	-.200828	-.844478	.700927	-.670511	-1.624886	-1.122066	1.927276	2
4.957281	3.794489	1.999075	1.726795	4.069629	2.768425	-1.776434	1.107154	3.367576	2
1.425779	1.099083	.937832	1.016109	1.671712	.720637	-2.376755	.684206	1.3835	2
3.054737	1.674446	1.717475	3.748757	3.115892	2.698434	.968849	2.800524	2.686701	2
2.17798	3.085378	3.140351	2.105949	2.447922	1.891953	1.343886	-.273809	3.037634	2
-.212983	.71795	1.066766	1.078476	.878153	-1.084549	-.433418	-.931329	2.112711	2
1.305056	2.907429	1.677199	-.160384	-.282659	-.057075	2.490626	-3.00031	2.46621	2
3.064925	1.069593	1.037042	.665102	-.136681	1.108884	-1.058449	1.057705	.790367	2
3.060865	1.861495	2.001461	-.466119	-.350291	.188681	-.659567	-1.48063	2.602632	2
2.954849	3.465526	2.101244	1.399516	2.182077	2.698442	-2.115194	1.154199	2.44656	2
4.961709	2.96464	2.504991	4.483202	2.459636	3.235309	4.285318	.143474	2.813974	2
3.470284	3.013735	2.457705	.194569	.558356	.993312	2.315082	.09581	1.8151	2
1.434378	2.319248	.562975	2.318556	2.866162	.909677	1.789397	-.147168	1.456456	2
3.366087	3.561883	3.31824	3.197389	1.926414	1.970872	-.22514	.154798	3.91387	2
-.496917	-.434093	.671412	-.894229	.984709	.865183	-3.155093	1.049374	1.305956	2
2.636731	1.56241	1.457301	2.174764	.655523	.834026	2.497326	.297846	.921234	2
1.381762	1.886777	1.455756	2.209957	-.220538	-.272627	-.345815	.011227	2.21148	2
2.875564	3.177933	2.160811	3.720451	2.73228	2.59724	-.121405	3.731387	1.976509	2
2.638058	3.657158	2.497205	3.209151	3.482738	3.060992	2.654355	1.653038	1.839906	2
3.204774	4.079841	3.313934	3.17877	4.24886	3.131502	2.725124	1.458925	2.712779	2
.497353	1.219238	1.514581	1.163142	1.402421	2.408688	-.887827	.727088	2.190761	2
-.167259	.956173	1.95351	-.075483	1.275444	.997626	-1.263033	-.866384	2.18024	2
5.408897	5.892167	4.419939	4.562122	4.386712	3.167304	1.46436	2.791756	3.244491	2
1.8443	.906725	2.058848	1.668662	1.271799	1.454645	1.342217	.412243	3.012696	2
-.741886	-1.797308	.613772	.110945	-.760832	-2.535755	-3.97389	-.402661	1.180925	2
.306733	1.029242	3.079383	.756952	1.5456	.656302	-1.144172	.562851	1.45505	2
2.131737	2.055746	2.910041	2.543401	1.54741	2.454446	2.297541	-.259954	1.893845	2
2.175536	5.517941	2.873485	1.524579	3.683655	2.615629	2.030565	2.622824	.46175	2
.591382	2.101378	.19512	1.411625	2.281459	1.978654	.773114	1.32682	.741547	2
1.186451	.844453	2.29166	.329227	1.590026	-.216424	-2.277004	.714655	.569505	2
-.525909	-.747613	1.803028	3.357037	1.729016	1.501591	-1.360872	2.112315	.587184	2
.853267	.29546	1.057934	.886525	2.629768	-.009098	-2.382657	1.902273	-.567979	2
1.6667	1.368763	1.317166	2.468377	1.726476	.758863	-2.701482	.813937	2.742782	2
2.656091	2.188005	2.234719	1.95468	1.108148	1.883233	1.777486	-.241004	2.435671	2
2.650476	1.149484	1.610938	.382258	.44146	.801112	.120326	1.558149	.809746	2
3.532354	1.923945	2.888474	1.70709	4.897026	4.406416	.357314	1.365993	1.590854	2
3.641635	4.125592	2.307284	1.759336	3.558446	1.872605	-.159002	2.722928	1.42045	2
2.408035	1.431142	2.222027	1.612188	1.290787	.888025	-1.447036	3.232414	1.701675	2
.667267	1.249835	1.348125	-.836667	-1.480322	.353489	.622855	-1.005547	1.429677	2
2.527151	1.89649	3.028305	2.895669	3.686517	3.217566	.321563	2.109602	1.195717	2
2.146664	2.337448	2.559664	1.033833	-.641063	1.111951	-3.4207	.047527	2.308995	2
1.580103	1.955505	.877538	.223854	1.754543	2.299455	-2.029121	1.005661	2.44231	2
4.845291	6.091175	5.019789	6.072561	4.890591	5.696824	2.209355	4.04176	2.324216	2
.920367	1.575046	1.063659	.686438	1.502344	1.704237	-3.52629	1.703529	1.469786	2
3.39209	1.288099	2.460501	2.316774	2.352455	2.814987	.349154	2.237326	2.238923	2
-1.609702	-2.28569	-.988219	-2.123612	-1.642908	-1.564031	-.588559	-1.082944	-.866402	2
2.173884	2.520473	2.427918	2.570774	3.416253	2.703296	2.319141	-.318687	3.169584	2
.40741	.066668	2.032833	.566413	.586397	.812432	-2.734748	1.12038	.66024	2
1.221806	2.572231	2.545879	.164844	.637015	1.281809	-.384346	2.12539	1.050088	2
1.788174	2.922086	2.653963	-.529334	.838825	1.152491	-.505127	1.570447	2.979985	2
1.352007	3.720372	2.227795	-.354838	.628133	1.488062	1.112343	.609679	.893488	2
-.495301	-.967126	.446642	-3.160192	-1.546369	-1.701633	-.872313	-2.063351	.866176	2
2.063584	3.446979	2.519853	3.795478	3.947404	2.796301	2.816778	.824243	2.309189	2
2.256485	2.287015	2.919705	.116852	.184346	.639961	1.3422	.181742	1.312047	2
3.973401	5.040308	1.723808	1.969996	3.708714	1.447232	2.065187	2.300357	3.677298	2
3.608655	3.273661	2.770188	4.476992	2.555656	3.831546	2.581411	2.895582	.282362	2
2.702075	1.990234	.95037	.730857	1.556729	1.220366	-.306557	1.604282	.917771	2
-.157218	-.135934	.859409	.23821	.016042	.383357	-1.187333	-.280986	1.632226	2
2.449932	2.047057	1.602865	.81255	1.814299	1.366955	-.26051	.35466	2.910505	2
1.026758	1.861395	2.386418	.435515	.86778	2.009564	-.166798	1.004673	.18448	2
4.790106	4.378059	2.470301	2.080374	4.046738	3.833619	1.795188	2.815967	2.531344	2
-.550961	-.070268	1.881697	-.122332	-.106959	-.954331	-3.869555	1.455543	2.832599	2
3.375116	1.75415	1.860212	2.50917	2.6453	2.987626	1.124732	2.714445	.915737	2
1.796545	2.475979	2.449573	2.249847	2.426088	.65619	-.675046	2.619112	2.810962	2
3.730335	5.01331	2.727757	1.538195	3.527632	2.527602	.560728	1.992636	2.07261	2
1.857176	2.19729	2.130197	2.332777	2.023577	4.692407	3.022693	.135225	2.341631	2
4.248098	4.227673	1.517711	1.136467	.265214	.462852	1.226604	.485337	2.99121	2
4.389667	4.104839	1.874937	3.640068	2.784705	2.583155	-1.186656	.204601	4.32712	2
2.598079	1.897565	2.807819	1.535125	3.669699	2.069124	-.129266	1.757947	4.074866	2
1.168884	1.355273	.387282	.379778	1.06881	2.076913	.228273	.761536	1.307408	2
-1.677288	-.117939	1.83754	2.819208	2.456991	2.248388	-1.400132	-.300074	1.271061	2
-.402335	-.95211	.368261	-2.733767	-1.441642	-1.391266	-2.254677	-2.175744	1.499702	2
2.514682	2.832412	1.615652	1.714365	1.933866	.922732	3.342216	-.496788	4.010003	2
-1.701969	-.428637	1.315816	-1.771914	-3.120595	-1.354475	-.392268	-3.291655	2.360302	2
4.199276	4.423701	1.307821	1.982158	2.90842	1.00444	-1.055759	.503367	2.159111	2
-1.26204	-1.328711	.620486	.558348	-.540749	-.293025	-.869768	-.613181	2.263546	2
.66722	-.20633	2.534672	-.504862	-.273372	.288556	-1.866199	.178449	3.543923	2
.117546	.212135	1.224708	1.088812	1.33004	.513212	-1.131717	.688419	1.742364	2
.980645	2.589526	1.431814	-1.89899	-.988383	-1.069254	.850068	-.20611	1.974098	2
4.289915	4.271356	3.985133	4.074833	5.977597	4.244838	3.145213	.987446	2.977624	2
1.618786	1.752132	2.121882	1.447959	2.297603	1.493172	.837583	-.131916	1.260473	2
.314405	-.377987	.955052	-.457105	-1.384938	-.053308	-1.828765	.664755	1.453282	2
2.556962	2.075993	3.42133	2.752162	1.141221	4.650029	.066006	1.000301	2.606322	2
-.185907	-.692508	1.594844	-.353286	1.16029	1.156388	.482502	-1.089379	1.858128	2
1.169928	1.901529	3.004534	2.641708	1.744467	2.94699	.790262	2.176678	-.051736	2
-.722777	.070825	1.1537	.852978	.728335	1.148383	.253302	-1.580267	3.430058	2
3.941176	3.973609	2.245458	3.350065	2.560167	3.088733	-.364282	1.561633	3.067626	2
-.39854	.727157	.338499	-.277078	-2.071836	-.541307	-.137286	-.403554	1.242765	2
-1.10631	-.510784	1.026567	-.733638	-1.181241	-1.551476	-2.861304	-1.095014	1.720733	2
1.041146	1.354492	1.049494	.207299	.242071	-1.416189	3.466494	-2.739773	1.024801	2
3.384062	2.593816	2.275449	3.26837	1.863588	2.3172	2.276329	.961708	1.874494	2
2.016532	3.005512	1.441672	2.694323	2.273258	2.074418	.313259	1.013569	1.756264	2
2.851627	1.889281	1.322456	.83424	-.208894	.436355	-2.307755	2.311122	.639824	2
-.98844	-1.090969	.864949	.04536	.550561	-1.006643	-.62657	-.860467	3.200854	2
1.663096	1.754743	2.502452	2.322179	.981072	2.855527	-1.263647	1.950653	.534564	2
4.429272	4.210547	2.602279	2.51693	3.929297	5.307834	2.487017	3.704754	.552234	2
.995287	1.309349	2.049255	3.057911	2.246998	3.07133	-2.075199	3.595435	2.271753	2
-1.235448	1.041557	1.158821	-.221349	-1.055379	.636354	-3.788214	1.134881	1.726514	2
4.564237	4.407967	2.723234	5.584005	5.490157	4.881502	2.674498	2.432844	3.425584	2
-.741969	-.077905	-.198914	.314489	.004129	.496391	.131304	-.251906	.342777	2
2.001119	2.703818	3.218079	3.930868	3.083379	3.323015	4.058612	.312819	3.55659	2
2.62868	.905659	2.144262	1.108761	1.328491	-.345996	.361134	2.230237	.77355	2
2.611408	2.305482	2.737265	2.02889	1.359797	2.597108	-.470552	1.102529	2.31955	2
5.903289	5.414316	3.807706	3.211003	3.867646	4.313985	-.723763	3.518578	3.796705	2
4.699913	3.700605	2.987567	4.143896	3.75856	4.538059	1.351116	.776459	2.288973	2
.956289	1.835671	1.460252	.028122	1.145501	-.3753	-2.316976	.456901	2.293929	2
2.360813	2.291416	1.603394	1.010851	.410382	.904763	.710337	-.053986	2.155118	2
-.630242	.288373	1.632262	.221277	-1.422561	-2.494616	-.394067	-.695946	2.18009	2
3.556389	5.295328	3.956612	5.133776	3.27261	3.543684	-.979175	1.998782	4.982984	2
-.531191	-2.418294	.71715	-.896709	-.863685	-1.306978	-1.670809	-.789508	1.478274	2
3.391549	3.762411	2.8016	4.357353	4.81551	5.074752	.196612	4.225847	.607169	2
2.275009	2.371428	1.572928	2.395356	1.800078	.925731	.382142	.016413	2.132456	2
-.224703	-.287006	.572609	.392226	-1.285205	-.125151	.346113	-2.587055	.916482	2
4.655581	3.482347	1.472222	2.627303	2.989867	4.219476	1.610185	1.947334	2.122679	2
.80271	.327375	2.07385	.582582	.261415	-.477781	.210776	.364742	1.525549	2
3.181801	1.182545	.958229	-.138994	1.300466	.787045	-.985809	1.139988	2.321155	2
1.66219	1.077586	2.366857	2.653265	2.385276	1.89392	-1.514727	.957383	3.220459	2
-.133849	-.051536	.676893	-.996451	-.749478	-.360561	-2.957968	.842385	.969616	2
3.980956	2.996649	.868919	3.256648	2.149745	2.973334	.880753	2.056531	2.92554	2
1.055828	1.787183	1.112012	3.323194	2.021508	1.607255	.240881	2.356079	2.603604	2
1.821745	1.310613	2.362558	1.275128	1.598312	2.069531	2.915501	-.43204	1.188821	2
.254364	-.833305	.874639	.637571	.865266	-.825382	-.7719	1.131341	.735485	2
2.222378	1.870223	1.453961	.119467	.209083	.60597	3.427773	1.82978	1.169768	2
.931939	.502027	1.351272	.345404	.481324	.482367	-.808187	.809613	1.522615	2
2.981858	2.852269	2.038212	1.904875	1.04287	1.868642	.95072	1.918779	2.571458	2
-1.953898	-1.369756	.505916	-2.131277	-1.235705	-2.464772	-.853949	-2.239741	.654476	2
-.556006	1.167664	2.678194	1.057931	-1.061938	.434026	3.272259	1.074597	-.031721	2
.101112	1.848276	1.945444	-.866511	-1.184379	-.256527	1.822818	-1.833287	2.045173	2
1.489981	.728187	2.259402	1.148657	1.314407	-1.227928	-.868045	-.262032	2.242257	2
1.327842	-.260562	2.138691	2.855538	1.552832	1.770735	-.588809	1.078842	1.275177	2
.114369	.015656	1.446465	-.318584	-1.263121	-.934899	-.344839	.553128	1.85697	2
3.137878	2.708064	3.95765	1.874809	2.907731	3.586609	1.027599	2.29216	3.343461	2
.360088	-2.91854	.208417	-.841428	-1.893837	-2.071039	-3.188795	-1.285805	2.270415	2
.533365	.120106	-.067309	-2.336627	.788305	.690904	-.505508	-.531926	2.433935	2
2.545778	.988222	2.621826	1.178648	2.009404	-1.147296	1.77403	1.120318	1.053618	2
1.894996	.576978	1.749835	1.465732	-.02313	-.31186	.757715	-.0195	.934918	2
1.268655	1.044123	2.22389	1.176406	.633191	1.883009	2.410448	.603659	1.425294	2
4.98677	3.122133	1.234311	2.218372	2.385193	3.369369	-.046249	3.391019	1.142294	2
2.541486	2.852793	1.203489	-.501591	-.067266	.391392	-.487423	-.050913	.936429	2
1.244382	1.387718	2.23115	1.22549	1.137936	1.484111	1.530459	1.444381	1.368388	2
4.473572	3.814499	3.103329	6.271097	4.111738	4.464613	2.799734	3.158543	2.312215	2
-1.379599	-.503008	.40247	.020804	.568933	1.052567	-.215313	.388668	.240766	2
3.723654	3.433266	1.961139	2.284084	1.963857	3.687117	1.583609	2.784439	.571104	2
1.732223	.611776	1.232152	.226247	-.238049	.317005	-.971933	-.132531	1.568217	2
3.946201	2.58342	3.952736	2.307645	2.693972	4.253348	2.557883	1.502358	3.295433	2
1.93839	3.102074	1.396734	-.177381	-1.05188	-.656808	.168898	2.307649	1.582974	2
4.768515	3.894187	3.708462	2.661312	1.432583	2.35669	-1.051626	.312198	3.599792	2
2.123999	2.28561	3.018419	.43176	.649973	.490979	-1.949208	.188768	3.415653	2
6.376634	5.9605	4.114362	4.244449	3.224	3.023897	2.512326	1.661219	3.707694	2
-.121285	.573567	1.537729	2.465064	2.380955	1.411373	-1.714032	1.769474	1.148521	2
.468424	1.695423	.707238	-.128719	2.383137	1.03596	1.302273	-.209914	1.186987	2
1.300486	1.09994	.6705	.957151	.068223	-.460717	-3.089602	.628888	2.617558	2
3.193734	2.369578	1.924666	.388821	.009519	.050675	-3.81579	3.431056	1.904622	2
-.613311	1.124669	1.194985	.585983	.066592	-.773039	-3.528906	.379305	.355787	2
1.721869	.896939	2.202457	4.536047	3.249639	4.177762	-.710863	2.413994	2.518414	2
.899983	.964596	1.418554	.446605	-.852816	-1.827757	-1.437459	2.118729	1.309354	2
5.351982	4.96714	3.566447	2.922342	1.849044	2.950717	2.785158	.306921	2.928744	2
5.203821	6.321748	4.174204	2.32597	3.781262	3.260705	3.498759	2.299158	2.883248	2
2.065571	2.514329	3.565812	.883587	1.802129	1.144584	1.663055	1.686761	2.151847	2
3.008814	2.429166	2.545437	2.373732	1.608305	1.431546	2.106704	.838318	1.928709	2
5.48341	5.448874	2.929405	4.569924	4.629525	5.067265	1.691314	2.662607	2.208775	2
4.294282	3.834179	2.421951	2.165177	2.531235	2.541745	.752579	.243774	1.731917	2
-2.752132	-2.517931	-.025971	-1.174518	-1.544723	-1.101739	-4.343039	.53164	1.207792	2
1.066514	2.536478	1.997144	1.20534	1.703557	1.096072	-1.351899	.978052	1.739936	2
3.900848	2.568216	3.537739	3.443654	3.602324	2.804154	-.358223	1.444645	1.721722	2
3.172304	4.423167	1.831395	1.476405	2.905397	1.862658	.478068	2.196263	2.109686	2
.88642	1.086862	2.329594	.200666	-.213869	.086213	1.164053	-1.598591	2.724438	2
3.970712	2.992438	3.179888	1.60721	1.8595	2.605041	.584329	1.655432	3.70049	2
.172548	1.288583	.523853	-.721491	-3.344614	-.369739	-2.156952	-.166652	2.355219	2
1.519324	.562288	2.373128	2.294207	1.816357	2.028151	-.057212	.499228	1.544802	2
.903028	2.168196	1.375772	.784135	1.529987	1.059515	-.167306	2.123938	1.440784	2
1.258203	.679073	1.332682	1.302307	1.786241	2.288373	-.846287	-1.898655	2.992671	2
3.251901	1.740522	2.916938	.9847	1.813909	1.79934	.863468	1.44817	2.476151	2
-.721385	-.701611	.977005	.126209	1.283488	1.676897	-4.070668	2.08321	2.699134	2
3.62433	4.277328	2.12137	1.035753	2.854401	3.25307	-.673109	3.756451	1.661342	2
3.215759	2.486387	3.184264	2.537884	1.586186	3.18868	-.636356	2.174786	2.183317	2
.594227	.526519	.316875	-.421681	-1.804433	-.68395	-.512061	.570503	.548727	2
2.955132	3.001911	2.883272	2.764298	.688921	1.035583	1.519101	-.245492	2.416401	2
-.034043	.90434	1.017111	-.619385	-1.078008	-.119005	.001215	-.346616	1.897896	2
